camera	frame	cX	cY
left	118	297	257
left	119	297	257
left	120	297	257
left	121	297	257
left	122	299	263
left	123	299	263
left	124	299	263
left	125	299	263
left	126	301	266
left	127	301	266
left	128	301	266
left	129	301	266
left	130	302	268
left	131	302	268
left	132	302	268
left	133	303	270
left	134	303	270
left	135	303	270
left	136	303	270
left	137	303	272
left	138	303	272
left	139	303	272
left	140	303	272
left	141	303	273
left	142	303	273
left	143	303	273
left	144	303	273
left	145	303	274
left	146	303	274
left	147	303	274
left	148	305	275
left	149	305	275
left	150	305	275
left	151	305	275
left	152	305	277
left	153	305	277
left	154	305	277
left	155	305	277
left	156	306	278
left	157	306	278
left	158	306	278
left	159	306	278
left	160	307	279
left	161	307	279
left	162	307	279
left	163	308	282
left	164	308	282
left	165	308	282
left	166	308	282
left	167	309	283
left	168	309	283
left	169	309	283
left	170	309	283
left	171	309	285
left	172	309	285
left	173	309	285
left	174	309	285
left	175	309	287
left	176	309	287
left	177	309	287
left	178	310	289
left	179	310	289
left	180	310	289
left	181	310	289
left	182	310	291
left	183	310	291
left	184	310	291
left	185	310	291
left	186	311	293
left	187	311	293
left	188	311	293
left	189	311	293
left	190	311	294
left	191	311	294
left	192	311	294
left	193	312	296
left	194	312	296
left	195	312	296
left	196	312	296
left	197	313	298
left	198	313	298
left	199	313	298
left	200	313	298
left	201	314	300
left	202	314	300
left	203	314	300
left	204	314	300
left	205	315	301
left	206	315	301
left	207	315	301
left	208	316	304
left	209	316	304
left	210	316	304
left	211	316	304
left	212	316	306
left	213	316	306
left	214	316	306
left	215	316	306
left	216	316	308
left	217	316	308
left	218	316	308
left	219	316	308
left	220	316	310
left	221	316	310
left	222	316	310
left	223	316	310
left	224	316	312
left	225	316	312
left	226	316	312
left	227	316	315
left	228	316	315
left	229	316	315
left	230	316	315
left	231	315	318
left	232	315	318
left	233	315	318
left	234	315	318
left	235	315	320
left	236	315	320
left	237	315	320
right	237	536	414
left	238	315	320
right	238	536	414
left	239	315	322
right	239	536	414
left	240	315	322
right	240	38	251
right	240	536	414
left	241	315	322
right	241	38	251
right	241	536	414
left	242	422	306
left	242	315	324
right	242	38	251
right	242	536	414
left	243	422	306
left	243	315	324
right	243	38	251
right	243	536	414
left	244	422	306
left	244	315	324
right	244	39	252
right	244	536	415
left	245	422	306
left	245	315	324
right	245	39	252
right	245	536	415
left	246	422	308
left	246	315	326
right	246	39	252
right	246	536	415
left	247	422	308
left	247	315	326
right	247	39	252
right	247	536	415
left	248	422	308
left	248	315	326
right	248	536	417
left	249	422	308
left	249	315	326
right	249	536	417
left	250	422	308
left	250	314	327
right	250	536	417
left	251	422	308
left	251	314	327
right	251	536	417
left	252	422	308
left	252	314	327
left	253	422	308
left	253	314	327
left	254	422	308
left	254	315	329
left	255	422	308
left	255	315	329
right	255	537	417
left	256	422	308
left	256	315	329
right	256	537	417
left	257	422	309
left	257	315	331
right	257	537	417
left	258	422	309
left	258	315	331
right	258	537	417
left	259	422	309
left	259	315	331
left	260	422	309
left	260	315	331
left	261	423	310
left	261	315	334
left	262	423	310
left	262	315	334
left	263	423	310
left	263	315	334
left	264	423	310
left	264	315	334
left	265	422	310
left	265	316	337
left	266	422	310
left	266	316	337
left	267	422	310
left	267	316	337
left	268	422	310
left	268	316	337
left	269	423	310
left	269	317	339
left	270	423	310
left	270	317	339
left	271	423	310
left	271	317	339
left	272	423	311
left	272	317	342
left	273	423	311
left	273	317	342
left	274	423	311
left	274	317	342
left	275	423	311
left	275	317	342
left	276	424	312
left	276	319	346
left	277	424	312
left	277	319	346
left	278	424	312
left	278	319	346
left	279	424	312
left	279	319	346
left	280	424	312
left	280	320	349
left	281	424	312
left	281	320	349
left	282	424	312
left	282	320	349
left	283	424	312
left	283	320	349
left	284	425	312
left	284	321	351
left	285	425	312
left	285	321	351
left	286	425	312
left	286	321	351
left	287	425	313
left	287	454	315
left	287	322	354
left	288	425	313
left	288	454	315
left	288	322	354
left	289	425	313
left	289	454	315
left	289	322	354
left	290	425	313
left	290	454	315
left	290	322	354
left	291	425	314
left	291	454	316
left	291	324	357
left	292	425	314
left	292	454	316
left	292	324	357
left	293	425	314
left	293	454	316
left	293	324	357
left	294	425	314
left	294	454	316
left	294	324	357
left	295	425	314
left	295	454	317
left	295	325	359
left	296	425	314
left	296	454	317
left	296	325	359
left	297	425	314
left	297	454	317
left	297	325	359
left	298	425	314
left	298	454	317
left	298	325	359
left	299	426	314
left	299	454	318
left	299	326	362
left	300	426	314
left	300	454	318
left	300	326	362
left	301	426	314
left	301	454	318
left	301	326	362
left	302	426	315
left	302	454	318
left	302	327	365
left	303	426	315
left	303	454	318
left	303	327	365
left	304	426	315
left	304	454	318
left	304	327	365
left	305	426	315
left	305	454	318
left	305	327	365
left	306	426	315
left	306	454	318
left	306	328	369
left	307	426	315
left	307	454	318
left	307	328	369
left	308	426	315
left	308	454	318
left	308	328	369
left	309	426	315
left	309	454	318
left	309	328	369
left	310	426	316
left	310	454	320
left	310	329	372
left	311	426	316
left	311	454	320
left	311	329	372
left	312	426	316
left	312	454	320
left	312	329	372
left	313	426	316
left	313	454	320
left	313	329	372
left	314	427	316
left	314	454	320
left	314	330	375
left	315	427	316
left	315	454	320
left	315	330	375
left	316	427	316
left	316	454	320
left	316	330	375
left	317	427	316
left	317	454	321
left	317	331	378
left	318	427	316
left	318	454	321
left	318	331	378
left	319	427	316
left	319	454	321
left	319	331	378
left	320	427	316
left	320	454	321
left	320	331	378
left	321	427	317
left	321	453	322
left	321	333	381
left	322	427	317
left	322	453	322
left	322	333	381
left	323	427	317
left	323	453	322
left	323	333	381
left	324	427	317
left	324	453	322
left	324	333	381
left	325	427	318
left	325	454	322
left	325	509	345
left	326	427	318
left	326	454	322
left	326	509	345
left	327	427	318
left	327	454	322
left	327	509	345
left	328	427	318
left	328	454	322
left	328	509	345
left	329	428	318
left	329	454	323
left	329	509	345
left	330	428	318
left	330	454	323
left	330	509	345
left	331	428	318
left	331	454	323
left	331	509	345
left	332	428	318
left	332	454	324
left	332	510	346
left	333	428	318
left	333	454	324
left	333	510	346
left	334	428	318
left	334	454	324
left	334	510	346
left	335	428	318
left	335	454	324
left	335	510	346
left	336	428	318
left	336	454	324
left	336	510	347
left	337	428	318
left	337	454	324
left	337	510	347
left	338	428	318
left	338	454	324
left	338	510	348
left	339	428	318
left	339	454	324
left	339	510	348
left	340	428	318
left	340	454	326
left	340	510	349
left	341	428	318
left	341	454	326
left	341	510	349
left	342	428	318
left	342	454	326
left	342	510	349
left	343	428	318
left	343	454	326
left	343	510	349
left	344	429	318
left	344	454	327
left	344	510	350
left	345	429	318
left	345	454	327
left	345	510	350
left	346	429	318
left	346	454	327
left	346	510	350
left	347	429	318
left	347	454	327
left	347	510	350
left	348	429	319
left	348	454	327
left	348	510	351
left	349	429	319
left	349	454	327
left	349	510	351
left	350	429	319
left	350	454	327
left	350	510	351
left	351	430	319
left	351	454	328
left	351	511	352
left	352	430	319
left	352	454	328
left	352	511	352
left	353	430	319
left	353	454	328
left	353	511	352
left	354	430	319
left	354	454	328
left	354	511	352
left	355	430	320
left	355	454	329
left	355	511	353
left	356	430	320
left	356	454	329
left	356	511	353
left	357	430	320
left	357	454	329
left	357	511	353
left	358	430	320
left	358	454	329
left	358	511	353
left	359	430	320
left	359	455	330
left	359	512	354
left	359	561	360
left	360	430	320
left	360	455	330
left	360	512	354
left	360	561	360
left	361	430	320
left	361	455	330
left	361	512	354
left	361	561	360
left	362	430	320
left	362	455	330
left	362	512	354
left	362	561	360
left	363	431	321
left	363	455	330
left	363	512	356
left	363	563	360
left	364	431	321
left	364	455	330
left	364	512	356
left	364	563	360
left	365	431	321
left	365	455	330
left	365	512	356
left	365	563	360
left	366	431	321
left	366	455	331
left	366	513	357
left	366	563	360
left	367	431	321
left	367	455	331
left	367	513	357
left	367	563	360
left	368	431	321
left	368	455	331
left	368	513	357
left	368	563	360
left	369	431	321
left	369	455	331
left	369	513	357
left	369	563	360
left	370	432	321
left	370	456	332
left	370	564	361
left	370	514	358
left	371	432	321
left	371	456	332
left	371	564	361
left	371	514	358
left	372	432	321
left	372	456	332
left	372	564	361
left	372	514	358
left	373	432	321
left	373	456	332
left	373	564	361
left	373	514	358
left	374	432	321
left	374	456	333
left	374	565	361
left	374	514	359
left	375	432	321
left	375	456	333
left	375	565	361
left	375	514	359
left	376	432	321
left	376	456	333
left	376	565	361
left	376	514	359
left	377	432	321
left	377	456	333
left	377	565	361
left	377	514	359
left	378	433	322
left	378	455	334
left	378	565	361
left	378	514	361
left	379	433	322
left	379	455	334
left	379	565	361
left	379	514	361
right	379	49	254
right	379	67	272
left	380	433	322
left	380	455	334
left	380	565	361
left	380	514	361
right	380	49	254
right	380	67	272
left	381	432	322
left	381	456	335
left	381	565	361
left	381	514	362
left	381	598	380
right	381	49	254
right	381	67	272
left	382	432	322
left	382	456	335
left	382	565	361
left	382	514	362
left	382	598	380
right	382	49	254
right	382	67	272
left	383	432	322
left	383	456	335
left	383	565	361
left	383	514	362
left	383	598	380
right	383	66	272
left	384	432	322
left	384	456	335
left	384	565	361
left	384	514	362
left	384	598	380
right	384	66	272
left	385	433	323
left	385	456	336
left	385	565	360
left	385	513	363
left	385	598	380
right	385	66	272
left	386	433	323
left	386	456	336
left	386	565	360
left	386	513	363
left	386	598	380
right	386	66	272
left	387	433	323
left	387	456	336
left	387	565	360
left	387	513	363
left	387	598	380
right	387	66	273
left	388	433	323
left	388	456	336
left	388	565	360
left	388	513	363
left	388	598	380
right	388	66	273
left	389	433	323
left	389	456	337
left	389	565	361
left	389	513	364
left	389	597	380
right	389	66	273
left	390	433	323
left	390	456	337
left	390	565	361
left	390	513	364
left	390	597	380
right	390	66	273
left	391	433	323
left	391	456	337
left	391	565	361
left	391	513	364
left	391	597	380
right	391	66	272
left	392	433	323
left	392	456	337
left	392	565	361
left	392	513	364
left	392	597	380
right	392	66	272
left	393	433	324
left	393	456	337
left	393	565	360
left	393	513	365
left	393	598	379
right	393	66	272
left	394	433	324
left	394	456	337
left	394	565	360
left	394	513	365
left	394	598	379
left	395	433	324
left	395	456	337
left	395	565	360
left	395	513	365
left	395	598	379
left	396	433	323
left	396	455	337
left	396	566	360
left	396	513	366
left	396	598	379
left	397	433	323
left	397	455	338
left	397	566	360
left	397	513	366
left	397	598	379
left	398	433	323
left	398	455	338
left	398	566	360
left	398	513	366
left	399	433	323
left	399	455	338
left	399	566	360
left	399	513	366
left	400	434	323
left	400	456	338
left	400	566	360
left	400	514	366
left	401	434	323
left	401	456	338
left	401	566	360
left	401	514	366
left	402	434	323
left	402	456	338
left	402	566	360
left	402	514	366
left	403	434	323
left	403	456	338
left	403	566	360
left	403	514	366
left	404	456	338
left	404	567	360
left	404	514	367
left	405	456	338
left	405	567	360
left	405	514	367
left	406	456	338
left	406	567	360
left	406	514	367
left	407	456	338
left	407	567	360
left	407	514	367
left	408	456	339
left	408	568	359
left	408	514	368
left	409	456	339
left	409	568	359
left	409	514	368
left	410	456	339
left	410	568	359
left	410	514	368
left	411	456	340
left	411	568	359
left	411	514	368
left	412	456	340
left	412	568	359
left	412	514	368
left	413	456	340
left	413	568	359
left	413	514	368
left	414	456	340
left	414	568	359
left	414	514	368
left	415	457	341
left	415	569	359
left	415	514	370
left	416	457	341
left	416	569	359
left	416	514	370
left	417	457	341
left	417	569	359
left	417	514	370
left	418	457	341
left	418	569	359
left	418	514	370
left	419	457	342
left	419	569	360
left	419	515	371
left	420	457	342
left	420	569	360
left	420	515	371
left	421	457	342
left	421	569	360
left	421	515	371
left	422	457	342
left	422	569	360
left	422	515	371
left	423	457	342
left	423	570	359
left	423	515	372
left	424	457	342
left	424	570	359
left	424	515	372
left	425	457	342
left	425	570	359
left	425	515	372
left	426	457	343
left	426	571	360
left	426	514	373
left	427	457	343
left	427	571	360
left	427	514	373
left	428	457	343
left	428	571	360
left	428	514	373
left	429	457	343
left	429	571	360
left	429	514	373
left	430	458	344
left	430	571	361
left	430	514	375
left	431	458	344
left	431	571	361
left	431	514	375
left	432	458	344
left	432	571	361
left	432	514	375
left	433	458	344
left	433	571	361
left	433	514	375
left	434	457	346
left	434	571	361
left	434	515	377
left	435	457	346
left	435	571	361
left	435	515	377
left	436	457	346
left	436	571	361
left	436	515	377
left	437	457	346
left	437	571	361
left	437	515	377
left	438	457	346
left	438	571	361
left	438	514	377
left	439	457	346
left	439	571	361
left	439	514	377
left	440	457	346
left	440	571	361
left	440	514	377
left	441	457	347
left	441	570	361
left	442	457	347
left	442	570	361
left	443	457	347
left	443	570	361
left	444	457	347
left	444	570	361
left	445	456	348
left	445	569	360
left	446	456	348
left	446	569	360
left	447	456	348
left	447	569	360
left	448	456	348
left	448	569	360
left	449	455	348
left	449	568	360
left	450	455	348
left	450	568	360
left	451	455	348
left	451	568	360
left	452	455	348
left	452	568	360
left	453	455	348
left	453	569	358
left	454	455	348
left	454	569	358
left	455	455	348
left	455	569	358
left	456	569	358
left	457	569	358
left	458	569	358
left	459	569	358
left	460	570	359
left	461	570	359
left	462	570	359
left	463	570	359
left	464	571	359
left	465	571	359
left	466	571	359
left	467	571	359
left	468	572	358
left	469	572	358
left	470	572	358
left	471	572	358
left	472	573	360
left	473	573	360
left	474	573	360
left	483	574	360
left	484	574	360
left	485	574	360
left	486	574	360
right	526	147	224
right	526	56	253
right	527	147	224
right	527	56	253
right	528	147	224
right	528	56	253
right	529	147	224
right	529	56	253
right	530	147	224
right	530	82	286
right	531	147	224
right	531	82	286
right	532	147	224
right	532	82	286
right	533	148	224
right	533	83	285
right	534	148	224
right	534	83	286
right	535	148	224
right	535	83	286
right	536	148	224
right	536	83	286
left	543	110	134
left	544	110	134
left	545	110	134
left	546	110	134
right	680	154	225
right	681	154	225
right	682	154	225
right	683	154	225
right	684	154	224
right	685	154	224
right	686	154	224
right	687	154	224
right	688	154	224
right	689	154	224
right	690	154	224
left	697	115	134
left	698	115	134
left	699	115	134
left	700	115	134
right	834	152	226
right	834	71	257
right	835	152	226
right	835	71	257
right	836	152	226
right	836	71	257
right	837	152	226
right	837	71	257
right	838	153	226
right	839	153	226
right	840	153	226
right	841	153	226
right	842	153	227
right	843	153	227
right	844	153	227
right	962	256	338
right	963	256	338
right	964	256	338
right	965	77	260
right	965	256	338
right	999	290	341
right	1000	290	341
right	1001	290	341
right	1002	290	341
right	1003	290	342
right	1004	290	342
right	1005	290	342
right	1006	290	342
right	1011	290	342
right	1012	290	342
right	1013	290	342
right	1202	431	363
right	1203	431	363
right	1204	431	363
right	1205	431	363
right	1206	432	363
right	1207	432	363
right	1208	432	363
right	1209	433	364
right	1210	433	364
right	1211	433	364
right	1212	433	364
right	1213	433	364
right	1214	433	364
right	1215	433	364
right	1216	433	364
right	1217	433	365
right	1218	433	365
left	1219	346	266
right	1219	433	365
left	1220	346	266
right	1220	433	365
left	1221	346	266
right	1221	434	366
left	1222	346	266
right	1222	434	366
left	1223	346	267
right	1223	434	366
left	1224	346	267
right	1224	434	366
left	1225	346	267
right	1225	434	366
left	1226	347	268
right	1226	434	366
left	1227	347	268
right	1227	434	366
left	1228	347	268
left	1229	347	268
left	1230	346	268
left	1231	346	268
left	1232	346	268
right	1232	434	367
left	1233	346	268
right	1233	434	367
left	1234	346	269
right	1234	434	367
left	1235	346	269
right	1235	434	367
left	1236	346	269
right	1236	435	367
left	1237	346	269
right	1237	435	367
left	1238	346	270
right	1238	435	367
left	1239	346	270
right	1239	435	367
left	1240	346	270
left	1241	346	269
left	1242	346	269
left	1243	346	269
right	1243	446	361
right	1243	436	367
left	1244	346	269
right	1244	446	361
right	1244	436	367
left	1245	346	270
right	1245	436	367
left	1246	346	270
right	1246	436	367
left	1247	346	270
right	1247	446	360
right	1247	436	368
left	1248	346	270
right	1248	446	360
right	1248	436	368
left	1249	347	269
right	1249	446	360
right	1249	436	368
left	1250	347	269
right	1250	446	360
right	1250	436	368
left	1251	347	269
right	1251	447	361
right	1251	437	368
left	1252	347	269
right	1252	447	361
right	1252	437	368
left	1253	347	270
right	1253	447	361
right	1253	437	368
left	1254	347	270
right	1254	447	361
right	1254	437	368
left	1255	347	270
right	1255	447	361
right	1255	437	370
left	1256	347	270
right	1256	447	361
right	1256	437	370
left	1257	361	263
left	1257	348	270
right	1257	447	361
right	1257	437	370
left	1258	361	263
left	1258	348	270
right	1258	447	361
right	1258	438	370
left	1259	361	263
left	1259	348	270
right	1259	447	361
right	1259	438	370
right	1260	447	361
right	1260	438	370
right	1261	447	361
right	1261	438	370
right	1262	448	362
right	1262	438	370
right	1263	448	362
right	1263	438	370
left	1264	361	263
right	1264	448	362
right	1264	438	370
left	1265	361	263
right	1265	448	362
right	1265	438	370
left	1266	361	263
right	1266	448	362
right	1266	438	370
left	1267	361	263
right	1267	448	362
right	1267	438	370
left	1268	361	264
right	1268	448	362
right	1268	438	370
left	1269	361	264
right	1269	448	362
right	1269	438	370
left	1270	361	264
right	1270	448	362
right	1270	439	370
left	1271	361	264
right	1271	448	362
right	1271	439	370
left	1272	361	264
left	1272	347	272
right	1272	448	362
right	1272	439	370
left	1273	361	264
left	1273	347	272
right	1273	449	362
right	1273	439	371
left	1274	361	264
left	1274	347	272
right	1274	449	362
right	1274	439	371
left	1275	361	264
left	1275	348	273
right	1275	449	362
right	1275	439	371
left	1276	361	264
left	1276	348	273
right	1276	449	362
right	1276	439	371
left	1277	361	264
left	1277	348	273
right	1277	449	362
left	1278	361	264
left	1278	348	273
right	1278	449	362
left	1279	362	264
right	1279	449	362
left	1280	362	264
right	1280	449	362
left	1281	362	264
right	1281	450	362
left	1282	362	264
right	1282	450	362
left	1283	362	264
left	1283	348	273
right	1283	450	362
left	1284	362	264
left	1284	348	273
right	1284	450	362
left	1285	362	264
left	1285	348	273
right	1285	441	373
left	1286	362	264
left	1286	348	273
right	1286	441	373
left	1287	363	264
right	1287	441	373
left	1288	363	264
left	1289	363	264
left	1290	363	264
left	1290	349	274
left	1291	363	264
left	1291	349	274
left	1292	363	264
left	1292	349	274
left	1293	363	264
left	1293	349	274
left	1294	363	265
left	1295	363	265
left	1296	363	265
left	1297	363	265
right	1300	485	367
right	1301	485	367
right	1302	485	367
right	1303	452	363
right	1303	485	366
right	1304	452	363
right	1304	485	366
left	1305	363	265
right	1305	452	363
right	1305	485	366
left	1306	363	265
right	1306	452	363
right	1306	485	366
left	1307	363	265
left	1308	363	265
right	1311	177	193
right	1311	486	366
right	1311	348	371
right	1312	177	193
right	1312	486	366
right	1312	348	371
right	1313	177	193
right	1313	486	366
right	1313	348	371
right	1314	177	193
right	1314	486	366
right	1314	348	371
right	1315	177	193
right	1315	349	371
right	1316	177	193
right	1316	349	371
left	1317	395	267
right	1317	177	193
right	1317	349	371
left	1318	395	267
right	1318	349	371
left	1319	395	267
right	1319	349	371
right	1320	349	371
right	1321	349	371
right	1322	349	371
right	1323	349	371
right	1324	349	371
right	1325	349	371
right	1326	349	371
right	1327	349	371
left	1328	238	276
right	1328	349	371
left	1329	238	276
right	1329	349	371
left	1330	238	276
right	1330	350	371
left	1331	238	276
right	1331	350	371
left	1332	238	277
right	1332	350	371
left	1333	238	277
right	1333	350	370
left	1334	238	277
right	1334	350	370
left	1335	238	277
right	1335	350	370
left	1336	238	277
right	1336	350	370
left	1337	238	277
right	1337	350	371
left	1338	238	277
right	1338	513	366
right	1338	350	370
left	1339	396	268
left	1339	238	277
right	1339	513	366
right	1339	350	370
left	1340	396	268
left	1340	238	277
right	1340	513	366
right	1340	350	370
left	1341	396	268
left	1341	238	277
right	1341	350	369
left	1342	396	268
left	1342	238	277
right	1342	350	369
left	1343	238	277
right	1343	350	369
left	1344	238	277
right	1344	350	369
left	1345	238	277
right	1345	350	369
left	1346	238	277
right	1346	350	369
left	1347	238	277
right	1347	350	369
left	1348	238	277
right	1348	350	369
left	1349	238	277
right	1349	350	369
left	1350	420	265
left	1350	238	277
right	1350	350	369
left	1351	420	265
left	1351	238	277
right	1351	350	369
left	1352	420	265
left	1352	238	277
right	1352	350	369
left	1353	420	265
left	1353	238	277
right	1353	350	369
left	1354	419	264
left	1354	237	276
right	1354	350	369
left	1355	419	264
left	1355	237	276
right	1355	350	369
left	1356	419	264
left	1356	237	276
right	1356	350	368
left	1357	419	264
left	1357	237	276
right	1357	350	368
left	1358	238	276
right	1358	350	368
left	1359	238	276
right	1359	350	368
left	1360	238	276
right	1360	351	369
left	1361	238	276
right	1361	351	369
left	1362	237	276
right	1362	351	369
left	1363	237	276
right	1363	351	368
left	1364	237	276
right	1364	351	368
left	1365	237	275
right	1365	351	368
left	1366	237	275
right	1366	351	368
left	1367	237	275
right	1367	351	368
left	1368	237	275
right	1368	351	368
left	1369	237	275
right	1369	351	368
left	1370	237	275
right	1370	351	368
left	1371	237	275
right	1371	351	368
left	1372	237	275
right	1372	351	368
left	1373	237	276
right	1373	351	368
left	1374	237	276
right	1374	351	368
left	1375	237	276
right	1375	351	368
left	1376	237	276
right	1376	351	368
left	1377	237	275
right	1377	351	368
left	1378	237	275
right	1378	351	368
left	1379	237	275
right	1379	351	368
left	1380	237	275
right	1380	351	368
left	1381	237	275
right	1381	351	368
left	1382	237	275
right	1382	351	367
left	1383	237	275
right	1383	351	367
left	1384	237	275
right	1384	351	367
left	1385	237	275
right	1385	351	367
left	1386	237	275
right	1386	351	367
left	1387	237	275
right	1387	351	367
left	1388	237	275
right	1388	351	367
left	1389	237	275
right	1389	351	367
left	1390	237	275
right	1390	351	368
right	1390	401	370
left	1391	237	275
right	1391	351	368
right	1391	401	370
left	1392	237	274
right	1392	351	368
right	1392	401	370
left	1393	237	274
right	1393	351	368
right	1393	401	370
left	1394	237	274
right	1394	350	367
right	1394	401	370
left	1395	237	274
right	1395	350	367
right	1395	401	370
left	1396	237	275
right	1396	350	367
right	1396	401	370
left	1397	237	275
right	1397	350	367
right	1397	401	369
left	1398	237	275
right	1398	350	367
right	1398	401	369
left	1399	284	274
left	1399	236	275
right	1399	350	367
right	1399	401	369
left	1400	284	274
left	1400	236	275
right	1400	350	367
right	1400	401	369
left	1401	284	274
left	1401	236	275
right	1401	350	367
right	1401	401	369
left	1402	284	274
left	1402	236	275
right	1402	350	367
right	1402	401	369
left	1403	284	274
left	1403	236	274
right	1403	350	367
right	1403	401	369
left	1404	284	274
left	1404	236	274
right	1404	350	367
right	1404	401	369
left	1405	284	274
left	1405	236	274
right	1405	350	367
right	1405	401	369
left	1406	284	274
left	1406	236	274
right	1406	350	367
right	1406	401	369
left	1407	283	274
left	1407	235	274
right	1407	350	367
right	1407	401	369
left	1408	283	274
left	1408	235	274
right	1408	350	367
right	1408	401	369
left	1409	283	274
left	1409	235	274
right	1409	350	366
right	1409	401	369
left	1410	283	274
left	1410	235	274
right	1410	350	366
right	1410	401	369
left	1411	283	274
left	1411	235	274
right	1411	350	366
right	1411	401	369
