camera	frame	cX	cY	area	minI	maxI	meanI
left	1	361	94	6.0	111.0	143.0	124.81818181818183
right	1	120	65	1.5	112.0	144.0	122.66666666666666
right	1	296	96	2.0	114.0	141.0	124.33333333333333
left	2	361	93	4.5	114.0	148.0	124.66666666666666
right	2	120	65	1.5	112.0	144.0	122.66666666666666
right	2	296	96	2.0	114.0	141.0	124.33333333333333
left	3	361	93	4.5	114.0	148.0	124.66666666666666
right	3	120	65	2.0	121.0	138.0	125.85714285714285
right	3	295	96	1.5	112.0	128.0	119.2
left	4	361	93	4.5	114.0	148.0	124.66666666666666
right	4	120	65	2.0	121.0	138.0	125.85714285714285
right	4	295	96	1.5	112.0	128.0	119.2
left	5	361	93	4.5	114.0	148.0	124.66666666666666
right	5	120	65	2.0	121.0	138.0	125.85714285714285
right	5	295	96	1.5	112.0	128.0	119.2
left	6	361	94	5.0	117.0	154.0	127.9
right	6	120	65	2.0	121.0	138.0	125.85714285714285
right	6	295	96	1.5	112.0	128.0	119.2
left	7	361	94	5.0	117.0	154.0	127.9
right	7	295	96	1.0	112.0	147.0	126.25
left	8	361	94	5.0	117.0	154.0	127.9
right	8	295	96	1.0	112.0	147.0	126.25
left	9	361	94	5.0	117.0	154.0	127.9
right	9	295	96	1.0	112.0	147.0	126.25
left	10	361	93	2.0	113.0	140.0	120.4
right	10	295	96	1.0	112.0	147.0	126.25
left	11	361	93	2.0	113.0	140.0	120.4
right	11	120	65	1.5	115.0	143.0	123.80000000000001
right	11	295	96	1.0	123.0	130.0	127.25
left	12	361	93	2.0	113.0	140.0	120.4
right	12	120	65	1.5	115.0	143.0	123.80000000000001
right	12	295	96	1.0	123.0	130.0	127.25
left	13	361	93	2.0	113.0	140.0	120.4
right	13	120	65	1.5	115.0	143.0	123.80000000000001
right	13	295	96	1.0	123.0	130.0	127.25
left	14	360	94	5.0	122.0	165.0	138.1
right	14	120	65	2.0	112.0	145.0	125.33333333333333
right	14	295	96	1.0	133.0	145.0	136.0
left	15	360	94	5.0	122.0	165.0	138.1
right	15	120	65	2.0	112.0	145.0	125.33333333333333
right	15	295	96	1.0	133.0	145.0	136.0
left	16	360	94	5.0	122.0	165.0	138.1
right	16	120	65	2.0	112.0	145.0	125.33333333333333
right	16	295	96	1.0	133.0	145.0	136.0
left	17	360	94	4.0	114.0	148.0	124.77777777777777
right	17	120	65	2.0	112.0	145.0	125.33333333333333
right	17	295	96	1.0	133.0	145.0	136.0
left	18	360	94	4.0	114.0	148.0	124.77777777777777
right	18	120	65	1.5	115.0	137.0	122.0
right	18	295	96	2.0	113.0	142.0	122.0
left	19	360	94	4.0	114.0	148.0	124.77777777777777
right	19	120	65	1.5	115.0	137.0	122.0
right	19	295	96	2.0	113.0	142.0	122.0
left	20	360	94	4.0	114.0	148.0	124.77777777777777
right	20	120	65	1.5	115.0	137.0	122.0
right	20	295	96	2.0	113.0	142.0	122.0
left	21	360	94	4.5	112.0	150.0	129.70000000000002
right	21	120	65	1.5	115.0	137.0	122.0
right	21	295	96	2.0	113.0	142.0	122.0
left	22	360	94	4.5	112.0	150.0	129.70000000000002
right	22	120	65	2.0	114.0	140.0	119.83333333333333
left	23	360	94	4.5	112.0	150.0	129.70000000000002
right	23	120	65	2.0	114.0	140.0	119.83333333333333
left	24	360	94	4.5	112.0	150.0	129.70000000000002
right	24	120	65	2.0	114.0	140.0	119.83333333333333
left	25	360	93	2.5	114.0	147.0	126.71428571428571
right	25	120	65	2.0	114.0	140.0	119.83333333333333
left	26	360	93	2.5	114.0	147.0	126.71428571428571
right	26	121	65	1.0	112.0	151.0	125.83333333333333
left	27	360	93	2.5	114.0	147.0	126.71428571428571
right	27	121	65	1.0	112.0	151.0	125.83333333333333
left	28	360	93	2.5	114.0	147.0	126.71428571428571
right	28	121	65	1.0	112.0	151.0	125.83333333333333
left	29	360	94	2.5	112.0	140.0	123.71428571428571
right	29	120	65	0.5	112.0	142.0	117.75
left	30	360	94	2.5	112.0	140.0	123.71428571428571
right	30	120	65	0.5	112.0	142.0	117.75
left	31	360	94	2.5	112.0	140.0	123.71428571428571
right	31	120	65	0.5	112.0	142.0	117.75
left	32	361	93	3.0	114.0	149.0	128.14285714285714
right	32	120	65	0.5	112.0	142.0	117.75
left	33	361	93	3.0	114.0	149.0	128.14285714285714
right	33	121	65	1.0	114.0	142.0	123.0
right	33	294	96	1.5	112.0	121.0	115.0
left	34	361	93	3.0	114.0	149.0	128.14285714285714
right	34	121	65	1.0	114.0	142.0	123.0
right	34	294	96	1.5	112.0	121.0	115.0
left	35	361	93	3.0	114.0	149.0	128.14285714285714
right	35	121	65	1.0	114.0	142.0	123.0
right	35	294	96	1.5	112.0	121.0	115.0
left	36	361	93	3.0	116.0	151.0	131.57142857142856
right	36	121	65	1.0	114.0	142.0	123.0
right	36	294	96	1.5	112.0	121.0	115.0
left	37	361	93	3.0	116.0	151.0	131.57142857142856
right	37	121	65	1.5	112.0	150.0	123.83333333333333
left	38	361	93	3.0	116.0	151.0	131.57142857142856
right	38	121	65	1.5	112.0	150.0	123.83333333333333
left	39	361	93	3.0	116.0	151.0	131.57142857142856
right	39	121	65	1.5	112.0	150.0	123.83333333333333
left	40	360	94	4.0	113.0	150.0	127.55555555555554
right	40	121	65	1.5	112.0	150.0	123.83333333333333
left	41	360	94	4.0	113.0	150.0	127.55555555555554
left	42	360	94	4.0	113.0	150.0	127.55555555555554
left	43	360	94	4.0	113.0	150.0	127.55555555555554
left	44	360	94	1.5	122.0	138.0	128.20000000000002
right	44	121	65	1.0	119.0	142.0	123.80000000000001
left	45	360	94	1.5	122.0	138.0	128.20000000000002
right	45	121	65	1.0	119.0	142.0	123.80000000000001
left	46	360	94	1.5	122.0	138.0	128.20000000000002
right	46	121	65	1.0	119.0	142.0	123.80000000000001
right	47	121	65	1.0	119.0	142.0	123.80000000000001
right	48	120	65	2.0	117.0	137.0	124.33333333333333
right	49	120	65	2.0	117.0	137.0	124.33333333333333
right	50	120	65	2.0	117.0	137.0	124.33333333333333
right	51	120	65	2.0	117.0	137.0	124.33333333333333
right	52	120	65	1.5	122.0	154.0	132.20000000000002
right	53	120	65	1.5	122.0	154.0	132.20000000000002
right	54	120	65	1.5	122.0	154.0	132.20000000000002
right	55	120	65	1.5	122.0	154.0	132.20000000000002
right	56	120	65	2.0	113.0	144.0	122.33333333333333
right	57	120	65	2.0	113.0	144.0	122.33333333333333
right	58	120	65	2.0	113.0	144.0	122.33333333333333
right	59	120	65	2.0	112.0	150.0	122.16666666666666
right	60	120	65	2.0	112.0	150.0	122.16666666666666
right	61	120	65	2.0	112.0	150.0	122.16666666666666
right	62	120	65	2.0	112.0	150.0	122.16666666666666
right	63	121	65	1.5	120.0	148.0	128.83333333333331
right	64	121	65	1.5	120.0	148.0	128.83333333333331
right	65	121	65	1.5	120.0	148.0	128.83333333333331
right	66	121	65	1.5	120.0	148.0	128.83333333333331
right	67	121	65	1.0	122.0	149.0	126.0
right	68	121	65	1.0	122.0	149.0	126.0
right	69	121	65	1.0	122.0	149.0	126.0
right	70	121	65	1.0	122.0	149.0	126.0
right	71	121	65	2.0	114.0	137.0	119.83333333333333
right	72	121	65	2.0	114.0	137.0	119.83333333333333
right	73	121	65	2.0	114.0	137.0	119.83333333333333
right	78	120	65	1.5	115.0	149.0	125.33333333333333
right	79	120	65	1.5	115.0	149.0	125.33333333333333
right	80	120	65	1.5	115.0	149.0	125.33333333333333
left	81	360	153	2.0	112.0	135.0	123.16666666666666
right	81	120	65	1.5	115.0	149.0	125.33333333333333
left	82	360	153	2.0	112.0	135.0	123.16666666666666
right	82	120	65	0.5	114.0	127.0	118.33333333333333
right	82	295	155	0.5	112.0	124.0	115.0
left	83	360	153	2.0	112.0	135.0	123.16666666666666
right	83	120	65	0.5	114.0	127.0	118.33333333333333
right	83	295	155	0.5	112.0	124.0	115.0
left	84	360	153	2.0	112.0	135.0	123.16666666666666
right	84	120	65	0.5	114.0	127.0	118.33333333333333
right	84	295	155	0.5	112.0	124.0	115.0
left	85	360	153	5.5	114.0	255.0	247.12172573189522
right	85	120	65	0.5	114.0	127.0	118.33333333333333
right	85	295	155	0.5	112.0	124.0	115.0
left	86	360	153	5.5	114.0	255.0	247.68875192604008
right	86	121	65	1.0	114.0	129.0	115.4
right	86	295	155	0.5	124.0	147.0	133.66666666666666
left	87	360	153	5.5	114.0	255.0	247.6671802773498
right	87	121	65	1.0	114.0	129.0	115.4
right	87	295	155	0.5	124.0	147.0	133.66666666666666
left	88	360	153	5.5	114.0	255.0	247.12172573189522
right	88	121	65	1.0	114.0	129.0	115.4
right	88	295	155	0.5	124.0	147.0	133.66666666666666
left	89	361	153	3.0	127.0	166.0	144.14285714285714
right	89	121	65	1.0	113.0	120.0	112.25
right	89	295	155	1.0	121.0	136.0	127.25
left	90	361	153	3.0	127.0	166.0	144.14285714285714
right	90	121	65	1.0	113.0	120.0	112.25
right	90	295	155	1.0	121.0	136.0	127.25
left	91	361	153	3.0	127.0	166.0	144.14285714285714
right	91	121	65	1.0	113.0	120.0	112.25
right	91	295	155	1.0	121.0	136.0	127.25
left	92	360	153	3.5	115.0	158.0	136.0
right	92	121	65	1.0	113.0	120.0	112.25
right	92	295	155	1.0	121.0	136.0	127.25
left	93	360	153	3.5	115.0	158.0	136.0
right	93	120	65	1.5	117.0	138.0	122.0
right	93	295	155	2.0	112.0	147.0	130.0
left	94	360	153	3.5	115.0	158.0	136.0
right	94	120	65	1.5	117.0	138.0	122.0
right	94	295	155	2.0	112.0	147.0	130.0
left	95	360	153	3.5	115.0	158.0	136.0
right	95	120	65	1.5	117.0	138.0	122.0
right	95	295	155	2.0	112.0	147.0	130.0
left	96	360	153	2.5	112.0	172.0	136.7142857142857
right	96	120	65	1.5	117.0	138.0	122.0
right	96	295	155	2.0	112.0	147.0	130.0
left	97	360	153	2.5	112.0	172.0	136.7142857142857
right	97	121	65	1.0	115.0	147.0	125.4
right	97	295	154	1.0	111.0	131.0	117.0
left	98	360	153	2.5	112.0	172.0	136.7142857142857
right	98	121	65	1.0	115.0	147.0	125.4
right	98	295	154	1.0	111.0	131.0	117.0
left	99	360	153	2.5	112.0	172.0	136.7142857142857
right	99	121	65	1.0	115.0	147.0	125.4
right	99	295	154	1.0	111.0	131.0	117.0
left	100	360	153	5.5	112.0	255.0	248.346687211094
right	100	121	65	1.0	115.0	147.0	125.4
right	100	295	154	1.0	111.0	131.0	117.0
left	101	360	153	5.5	112.0	255.0	248.346687211094
right	101	120	65	0.5	112.0	129.0	116.75
right	101	295	154	1.5	116.0	148.0	122.2
right	101	301	329	0.5	112.0	117.0	113.66666666666666
left	102	360	153	5.5	112.0	255.0	248.346687211094
right	102	120	65	0.5	112.0	129.0	116.75
right	102	295	154	1.5	116.0	148.0	122.2
right	102	301	329	0.5	112.0	117.0	113.66666666666666
left	103	360	153	5.5	112.0	255.0	248.346687211094
right	103	120	65	0.5	112.0	129.0	116.75
right	103	295	154	3.0	111.0	149.0	121.14285714285714
right	103	301	329	0.5	112.0	117.0	113.66666666666666
left	104	360	153	5.0	111.0	255.0	249.040061633282
right	104	121	65	1.0	114.0	136.0	121.80000000000001
right	104	294	155	2.5	113.0	147.0	127.14285714285714
left	105	360	153	5.0	111.0	255.0	249.040061633282
right	105	121	65	1.0	114.0	136.0	121.80000000000001
right	105	294	155	2.5	113.0	147.0	127.14285714285714
left	106	360	153	5.0	111.0	255.0	249.040061633282
right	106	121	65	1.0	114.0	136.0	121.80000000000001
right	106	294	155	2.5	113.0	147.0	127.14285714285714
left	107	360	153	5.0	111.0	255.0	249.040061633282
right	107	121	65	1.0	114.0	136.0	121.80000000000001
right	107	294	155	2.5	113.0	147.0	127.14285714285714
left	108	360	153	2.0	124.0	164.0	138.5
right	108	121	65	1.0	115.0	148.0	130.0
right	108	294	155	2.0	112.0	133.0	118.5
left	109	360	153	2.0	124.0	164.0	138.5
right	109	121	65	1.0	115.0	148.0	130.0
right	109	294	155	2.0	112.0	133.0	118.5
left	110	360	153	2.0	124.0	164.0	138.5
right	110	121	65	1.0	115.0	148.0	130.0
right	110	294	155	2.0	112.0	133.0	118.5
left	111	360	153	4.0	113.0	163.0	137.44444444444443
right	111	121	65	1.0	115.0	148.0	130.0
right	111	294	155	2.0	112.0	133.0	118.5
left	112	360	153	4.0	113.0	163.0	137.44444444444443
right	112	120	65	1.5	119.0	131.0	120.80000000000001
right	112	295	155	2.5	114.0	155.0	128.0
left	113	360	153	4.0	113.0	163.0	137.44444444444443
right	113	120	65	1.5	119.0	131.0	120.80000000000001
right	113	295	155	2.5	114.0	155.0	128.0
left	114	360	153	4.0	113.0	163.0	137.44444444444443
right	114	120	65	1.5	119.0	131.0	120.80000000000001
right	114	295	155	2.5	114.0	155.0	128.0
left	115	360	153	2.0	124.0	158.0	143.83333333333331
right	115	120	65	1.5	119.0	131.0	120.80000000000001
right	115	295	155	2.5	114.0	155.0	128.0
left	116	360	153	2.0	124.0	158.0	143.83333333333331
right	116	120	65	2.0	115.0	137.0	125.33333333333333
right	116	295	155	1.0	120.0	137.0	125.75
left	117	360	153	2.0	124.0	158.0	143.83333333333331
right	117	120	65	2.0	115.0	137.0	125.33333333333333
right	117	295	155	1.0	120.0	137.0	125.75
left	118	360	153	2.0	124.0	158.0	143.83333333333331
right	118	120	65	2.0	115.0	137.0	125.33333333333333
right	118	295	155	1.0	120.0	137.0	125.75
left	119	360	153	3.5	114.0	147.0	129.125
right	119	120	65	2.5	113.0	142.0	123.14285714285714
right	119	295	155	1.0	115.0	138.0	121.0
left	120	360	153	3.5	114.0	147.0	129.125
right	120	120	65	2.5	113.0	142.0	123.14285714285714
right	120	295	155	1.0	115.0	138.0	121.0
left	121	360	153	3.5	114.0	147.0	129.125
right	121	120	65	2.5	113.0	142.0	123.14285714285714
right	121	295	155	1.0	115.0	138.0	121.0
left	122	360	153	3.5	114.0	147.0	129.125
right	122	120	65	2.5	113.0	142.0	123.14285714285714
right	122	295	155	1.0	115.0	138.0	121.0
left	123	360	153	2.5	114.0	173.0	141.28571428571428
right	123	120	65	1.5	114.0	134.0	119.80000000000001
right	123	295	154	2.0	119.0	142.0	124.5
left	124	360	153	2.5	114.0	173.0	141.28571428571428
right	124	120	65	1.5	114.0	134.0	119.80000000000001
right	124	295	154	2.0	119.0	142.0	124.5
left	125	360	153	2.5	114.0	173.0	141.28571428571428
right	125	120	65	1.5	114.0	134.0	119.80000000000001
right	125	295	154	2.0	119.0	142.0	124.5
left	126	360	153	4.0	120.0	165.0	136.11111111111111
right	126	120	65	1.5	114.0	134.0	119.80000000000001
right	126	295	154	2.0	119.0	142.0	124.5
left	127	360	153	4.0	120.0	165.0	136.11111111111111
right	127	120	65	2.0	114.0	134.0	121.16666666666666
right	127	294	155	2.5	121.0	148.0	133.33333333333331
left	128	360	153	4.0	120.0	165.0	136.11111111111111
right	128	120	65	2.0	114.0	134.0	121.16666666666666
right	128	294	155	2.5	121.0	148.0	133.33333333333331
left	129	360	153	4.0	120.0	165.0	136.11111111111111
right	129	120	65	2.0	114.0	134.0	121.16666666666666
right	129	294	155	2.5	121.0	148.0	133.33333333333331
left	130	360	153	3.5	122.0	155.0	137.5
right	130	120	65	2.0	114.0	134.0	121.16666666666666
right	130	294	155	2.5	121.0	148.0	133.33333333333331
left	131	360	153	3.5	122.0	155.0	137.5
right	131	120	65	0.5	113.0	137.0	122.75
right	131	295	155	3.0	113.0	162.0	127.42857142857142
left	132	360	153	3.5	122.0	155.0	137.5
right	132	120	65	0.5	113.0	137.0	122.75
right	132	295	155	3.0	113.0	162.0	127.42857142857142
left	133	360	153	3.5	122.0	155.0	137.5
right	133	120	65	0.5	113.0	137.0	122.75
right	133	295	155	3.0	113.0	162.0	127.42857142857142
left	134	360	153	3.5	116.0	162.0	137.75
right	134	120	65	2.5	115.0	137.0	124.85714285714285
right	134	295	155	2.0	113.0	158.0	129.66666666666666
left	135	360	153	3.5	116.0	162.0	137.75
right	135	120	65	2.5	115.0	137.0	124.85714285714285
right	135	295	155	2.0	113.0	158.0	129.66666666666666
left	136	360	153	3.5	116.0	162.0	137.75
right	136	120	65	2.5	115.0	137.0	124.85714285714285
right	136	295	155	2.0	113.0	158.0	129.66666666666666
left	137	360	153	3.5	116.0	162.0	137.75
right	137	120	65	2.5	115.0	137.0	124.85714285714285
right	137	295	155	2.0	113.0	158.0	129.66666666666666
left	138	360	153	4.0	113.0	169.0	137.0
right	138	120	65	1.5	116.0	140.0	118.4
right	138	294	155	2.5	114.0	162.0	129.66666666666666
left	139	360	153	4.0	113.0	169.0	137.0
right	139	120	65	1.5	116.0	140.0	118.4
right	139	294	155	2.5	114.0	162.0	129.66666666666666
left	140	360	153	4.0	113.0	169.0	137.0
right	140	120	65	1.5	116.0	140.0	118.4
right	140	294	155	2.5	114.0	162.0	129.66666666666666
left	141	359	153	3.5	114.0	163.0	129.625
right	141	120	65	1.5	116.0	140.0	118.4
right	141	294	155	2.5	114.0	162.0	129.66666666666666
left	142	359	153	3.5	114.0	163.0	129.625
right	142	120	65	2.0	116.0	148.0	126.5
right	142	294	155	3.5	114.0	169.0	137.125
left	143	359	153	3.5	114.0	163.0	129.625
right	143	120	65	2.0	116.0	148.0	126.5
right	143	294	155	3.5	114.0	169.0	137.125
left	144	359	153	3.5	114.0	163.0	129.625
right	144	120	65	2.0	116.0	148.0	126.5
right	144	294	155	3.5	114.0	169.0	137.125
left	145	360	153	3.0	114.0	165.0	131.0
right	145	120	65	2.0	116.0	148.0	126.5
right	145	294	155	3.5	114.0	169.0	137.125
left	146	360	153	3.0	114.0	165.0	131.0
right	146	120	65	2.0	113.0	150.0	125.375
right	146	295	155	3.5	114.0	172.0	134.375
left	147	360	153	3.0	114.0	165.0	131.0
right	147	120	65	2.0	113.0	150.0	125.375
right	147	295	155	3.5	114.0	172.0	134.375
left	148	360	153	3.0	114.0	165.0	131.0
right	148	120	65	2.0	113.0	150.0	125.375
right	148	295	155	3.5	114.0	172.0	134.375
left	149	360	153	3.5	120.0	173.0	137.75
right	149	120	65	2.0	113.0	150.0	125.375
right	149	295	155	3.5	114.0	172.0	134.375
left	150	360	153	3.5	120.0	173.0	137.75
right	150	121	65	1.0	117.0	141.0	123.4
right	150	295	155	4.5	114.0	164.0	131.33333333333331
left	151	360	153	3.5	120.0	173.0	137.75
right	151	121	65	1.0	117.0	141.0	123.4
right	151	295	155	4.5	114.0	164.0	131.33333333333331
left	152	360	153	3.5	120.0	173.0	137.75
right	152	121	65	1.0	117.0	141.0	123.4
right	152	295	155	4.5	114.0	164.0	131.33333333333331
left	153	359	153	3.5	112.0	165.0	131.5
right	153	574	44	1.0	113.0	124.0	113.75
right	153	294	155	3.5	115.0	161.0	130.5
left	154	359	153	3.5	112.0	165.0	131.5
right	154	574	44	1.0	113.0	124.0	113.75
right	154	294	155	3.5	115.0	161.0	130.5
left	155	359	153	3.5	112.0	165.0	131.5
right	155	574	44	1.0	113.0	124.0	113.75
right	155	294	155	3.5	115.0	161.0	130.5
left	156	360	153	3.0	124.0	159.0	134.42857142857142
left	156	526	294	0.5	111.0	115.0	110.66666666666666
right	156	574	44	1.0	113.0	124.0	113.75
right	156	294	155	3.5	115.0	161.0	130.5
left	157	360	153	3.0	124.0	159.0	134.42857142857142
left	157	526	294	0.5	111.0	115.0	110.66666666666666
right	157	120	65	1.5	116.0	134.0	119.2
right	157	294	155	3.5	119.0	162.0	133.0
left	158	360	153	3.0	124.0	159.0	134.42857142857142
left	158	526	294	0.5	111.0	115.0	110.66666666666666
right	158	120	65	1.5	116.0	134.0	119.2
right	158	294	155	3.5	119.0	162.0	133.0
left	159	360	153	3.0	124.0	159.0	134.42857142857142
left	159	526	294	0.5	111.0	115.0	110.66666666666666
right	159	120	65	1.5	116.0	134.0	119.2
right	159	294	155	3.5	119.0	162.0	133.0
left	160	360	153	3.0	116.0	157.0	135.28571428571428
right	160	120	65	1.5	116.0	134.0	119.2
right	160	294	155	3.5	119.0	162.0	133.0
left	161	360	153	3.0	116.0	157.0	135.28571428571428
right	161	121	65	1.5	116.0	142.0	129.8
right	161	294	155	3.5	116.0	161.0	130.375
left	162	360	153	3.0	116.0	157.0	135.28571428571428
right	162	121	65	1.5	116.0	142.0	129.8
right	162	294	155	3.5	116.0	161.0	130.375
left	163	360	153	3.0	116.0	157.0	135.28571428571428
right	163	120	65	2.0	116.0	144.0	126.33333333333333
right	163	294	155	3.5	116.0	161.0	130.375
left	164	360	153	4.0	113.0	163.0	129.0
right	164	121	65	1.5	116.0	142.0	129.8
right	164	294	155	3.5	116.0	161.0	130.375
left	165	360	153	4.0	113.0	163.0	129.0
right	165	120	65	2.0	115.0	140.0	124.5
right	165	294	155	1.5	114.0	155.0	129.6
left	166	360	153	4.0	113.0	163.0	129.0
right	166	120	65	2.0	115.0	140.0	124.5
right	166	294	155	1.5	114.0	155.0	129.6
left	167	360	153	4.0	113.0	163.0	129.0
right	167	120	65	2.0	115.0	140.0	124.5
right	167	294	155	1.5	114.0	155.0	129.6
left	168	359	153	1.0	111.0	123.0	113.0
right	168	120	65	0.5	114.0	138.0	122.5
left	169	359	153	1.0	111.0	123.0	113.0
right	169	120	65	0.5	114.0	138.0	122.5
left	170	359	153	1.0	111.0	123.0	113.0
right	170	120	65	0.5	114.0	138.0	122.5
right	171	120	65	0.5	114.0	138.0	122.5
right	172	120	65	2.0	114.0	142.0	119.5
right	173	120	65	2.0	114.0	142.0	119.5
right	174	120	65	2.0	114.0	142.0	119.5
right	175	120	65	2.0	114.0	142.0	119.5
right	176	121	65	1.0	119.0	136.0	123.0
right	177	121	65	1.0	119.0	136.0	123.0
right	178	121	65	1.0	119.0	136.0	123.0
right	179	121	65	1.0	119.0	136.0	123.0
right	180	120	65	1.0	112.0	120.0	113.0
right	181	120	65	1.0	112.0	120.0	113.0
right	182	120	65	1.0	112.0	120.0	113.0
right	183	121	65	1.0	113.0	131.0	117.25
right	184	121	65	1.0	113.0	131.0	117.25
right	185	121	65	1.0	113.0	131.0	117.25
right	186	121	65	1.0	113.0	131.0	117.25
right	191	120	65	2.0	112.0	130.0	119.66666666666666
right	192	120	65	2.0	112.0	130.0	119.66666666666666
right	193	120	65	2.0	112.0	130.0	119.66666666666666
right	194	120	65	2.0	112.0	130.0	119.66666666666666
right	195	120	65	1.0	120.0	135.0	120.25
right	196	120	65	1.0	120.0	135.0	120.25
right	197	120	65	1.0	120.0	135.0	120.25
right	198	120	65	0.5	113.0	133.0	118.0
right	199	121	65	1.0	114.0	134.0	119.60000000000001
right	200	121	65	1.0	113.0	133.0	118.80000000000001
right	201	120	65	0.5	114.0	130.0	119.0
right	202	120	65	0.5	112.0	128.0	118.0
right	203	120	65	0.5	112.0	128.0	118.0
right	204	120	65	0.5	112.0	128.0	118.0
right	205	120	65	0.5	112.0	128.0	118.0
right	206	120	65	1.5	116.0	136.0	120.80000000000001
right	207	120	65	1.5	116.0	136.0	120.80000000000001
right	208	120	65	1.5	116.0	136.0	120.80000000000001
left	209	360	212	2.0	138.0	168.0	144.16666666666666
right	209	120	65	1.5	116.0	136.0	120.80000000000001
left	210	360	212	2.0	138.0	168.0	144.16666666666666
right	210	120	65	1.0	119.0	145.0	128.25
right	210	295	213	1.0	122.0	156.0	135.0
left	211	360	212	2.0	138.0	168.0	144.16666666666666
right	211	120	65	1.0	119.0	145.0	128.25
right	211	295	213	1.0	122.0	156.0	135.0
left	212	360	212	2.0	138.0	168.0	144.16666666666666
right	212	120	65	1.0	119.0	145.0	128.25
right	212	295	213	1.0	122.0	156.0	135.0
left	213	359	212	1.5	117.0	147.0	128.20000000000002
right	213	295	212	2.0	116.0	144.0	125.16666666666666
left	214	359	212	1.5	117.0	147.0	128.20000000000002
right	214	295	212	2.0	116.0	144.0	125.16666666666666
left	215	359	212	1.5	117.0	147.0	128.20000000000002
right	215	295	212	2.0	116.0	144.0	125.16666666666666
left	216	360	212	3.0	122.0	177.0	138.0
right	216	295	212	2.0	116.0	144.0	125.16666666666666
left	217	360	212	3.0	122.0	177.0	138.0
right	217	120	65	1.5	111.0	141.0	120.80000000000001
right	217	295	213	2.0	120.0	165.0	133.66666666666666
left	218	360	212	3.0	122.0	177.0	138.0
right	218	120	65	1.5	111.0	141.0	120.80000000000001
right	218	295	213	2.0	120.0	165.0	133.66666666666666
left	219	360	212	3.0	122.0	177.0	138.0
right	219	120	65	1.5	111.0	141.0	120.80000000000001
right	219	295	213	2.0	120.0	165.0	133.66666666666666
left	220	359	211	4.0	112.0	177.0	133.625
right	220	120	65	1.5	111.0	141.0	120.80000000000001
right	220	295	213	2.0	120.0	165.0	133.66666666666666
left	221	359	211	4.0	112.0	177.0	133.625
right	221	120	65	2.0	112.0	148.0	126.71428571428571
right	221	295	213	3.5	115.0	163.0	133.375
left	222	359	211	4.0	112.0	177.0	133.625
right	222	120	65	2.0	112.0	148.0	126.71428571428571
right	222	295	213	3.5	115.0	163.0	133.375
left	223	359	211	4.0	112.0	177.0	133.625
right	223	120	65	2.0	112.0	148.0	126.71428571428571
right	223	295	213	3.5	115.0	163.0	133.375
left	224	359	212	3.5	114.0	179.0	133.625
left	224	526	294	0.5	117.0	131.0	123.33333333333333
right	224	120	65	2.0	112.0	148.0	126.71428571428571
right	224	295	213	3.5	114.0	163.0	132.75
left	225	359	212	3.5	114.0	179.0	133.625
left	225	526	294	0.5	117.0	131.0	123.33333333333333
right	225	120	65	0.5	117.0	138.0	122.0
right	225	295	212	2.0	117.0	163.0	135.83333333333331
left	226	359	212	3.5	114.0	179.0	133.625
left	226	526	294	0.5	117.0	131.0	123.33333333333333
right	226	120	65	0.5	117.0	138.0	122.0
right	226	295	212	2.0	117.0	163.0	135.83333333333331
left	227	359	212	3.5	114.0	179.0	133.625
left	227	526	294	0.5	117.0	131.0	123.33333333333333
right	227	120	65	0.5	117.0	138.0	122.0
right	227	295	212	2.0	117.0	163.0	135.83333333333331
left	228	360	212	2.0	114.0	170.0	139.0
right	228	295	212	3.0	116.0	169.0	138.0
left	229	360	212	2.0	114.0	170.0	139.0
right	229	295	212	3.0	115.0	168.0	137.0
left	230	360	212	2.0	114.0	170.0	139.0
right	230	295	212	3.0	115.0	168.0	137.0
left	231	360	212	3.0	116.0	163.0	133.85714285714286
right	231	295	212	3.0	115.0	168.0	137.0
left	232	360	212	3.0	116.0	163.0	133.85714285714286
right	232	120	65	0.5	121.0	140.0	123.5
right	232	295	213	2.0	116.0	156.0	136.16666666666666
left	233	360	212	3.0	116.0	163.0	133.85714285714286
right	233	120	65	0.5	121.0	140.0	123.5
right	233	295	213	2.0	116.0	156.0	136.16666666666666
left	234	360	212	3.0	116.0	163.0	133.85714285714286
right	234	120	65	0.5	121.0	140.0	123.5
right	234	295	213	2.0	116.0	156.0	136.16666666666666
left	235	359	212	4.0	112.0	178.0	135.55555555555554
right	235	120	65	0.5	121.0	140.0	123.5
right	235	295	213	2.0	116.0	156.0	136.16666666666666
left	236	359	212	4.0	112.0	178.0	135.55555555555554
right	236	295	213	3.5	112.0	164.0	130.625
left	237	359	212	4.0	112.0	178.0	135.55555555555554
right	237	295	213	3.5	112.0	164.0	130.625
left	238	359	212	4.0	112.0	178.0	135.55555555555554
right	238	295	213	3.5	112.0	164.0	130.625
left	239	359	212	1.5	121.0	154.0	138.6
right	239	295	213	3.5	112.0	164.0	130.625
left	240	359	212	1.5	121.0	154.0	138.6
right	240	120	65	1.5	112.0	135.0	120.0
right	240	295	212	4.0	117.0	168.0	131.0
left	241	359	212	1.5	121.0	154.0	138.6
right	241	120	65	1.5	112.0	135.0	120.0
right	241	295	212	4.0	117.0	168.0	131.0
left	242	359	212	1.5	121.0	154.0	138.6
right	242	120	65	1.5	112.0	135.0	120.0
right	242	295	212	4.0	117.0	168.0	131.0
left	243	359	212	3.5	112.0	148.0	128.75
right	243	120	65	1.5	127.0	144.0	129.0
right	243	295	213	2.5	113.0	149.0	130.33333333333331
left	244	359	212	3.5	112.0	148.0	128.75
right	244	120	65	1.5	127.0	144.0	129.0
right	244	295	213	1.0	140.0	149.0	140.25
left	245	359	212	3.5	112.0	148.0	128.75
right	245	120	65	1.5	127.0	144.0	129.0
right	245	295	213	1.0	134.0	151.0	139.5
left	246	359	211	3.0	114.0	157.0	132.28571428571428
right	246	120	65	1.5	127.0	144.0	129.0
right	246	295	213	2.5	112.0	154.0	129.16666666666666
left	247	359	211	3.0	114.0	157.0	132.28571428571428
right	247	121	65	1.0	119.0	140.0	124.2
right	247	295	212	4.0	113.0	175.0	134.25
left	248	359	211	3.0	114.0	157.0	132.28571428571428
right	248	121	65	1.0	119.0	140.0	124.2
right	248	295	212	4.0	113.0	175.0	134.25
left	249	359	211	3.0	114.0	157.0	132.28571428571428
right	249	121	65	1.0	119.0	140.0	124.2
right	249	295	212	4.0	113.0	175.0	134.25
left	250	360	212	3.0	129.0	168.0	141.0
right	250	121	65	1.0	119.0	140.0	124.2
right	250	295	212	4.0	113.0	175.0	134.25
left	251	360	212	3.0	129.0	168.0	141.0
right	251	120	65	2.0	117.0	142.0	120.83333333333333
right	251	295	212	3.0	121.0	169.0	138.0
left	252	360	212	3.0	129.0	168.0	141.0
right	252	120	65	2.0	117.0	142.0	120.83333333333333
right	252	295	212	3.0	121.0	169.0	138.0
left	253	360	212	3.0	129.0	168.0	141.0
right	253	120	65	2.0	117.0	142.0	120.83333333333333
right	253	295	212	3.0	121.0	169.0	138.0
left	254	359	212	2.0	113.0	155.0	132.33333333333331
right	254	120	65	2.0	117.0	142.0	120.83333333333333
right	254	295	212	3.0	121.0	169.0	138.0
left	255	359	212	2.0	113.0	155.0	132.33333333333331
right	255	120	65	2.0	115.0	137.0	120.33333333333333
right	255	295	213	2.0	122.0	168.0	135.16666666666666
left	256	359	212	2.0	113.0	155.0	132.33333333333331
right	256	120	65	2.0	115.0	137.0	120.33333333333333
right	256	295	213	2.0	122.0	168.0	135.16666666666666
left	257	359	212	2.0	113.0	155.0	132.33333333333331
right	257	120	65	2.0	115.0	137.0	120.33333333333333
right	257	295	213	2.0	122.0	168.0	135.16666666666666
left	258	359	212	2.5	112.0	156.0	134.16666666666666
right	258	294	213	3.5	114.0	168.0	130.875
left	259	359	212	2.5	112.0	156.0	134.16666666666666
right	259	294	213	3.5	114.0	168.0	130.875
left	260	359	212	2.5	112.0	156.0	134.16666666666666
right	260	294	213	3.5	114.0	168.0	130.875
left	261	359	212	2.0	113.0	151.0	133.33333333333331
right	261	294	213	3.5	114.0	168.0	130.875
left	262	359	212	2.0	113.0	151.0	133.33333333333331
right	262	120	65	2.5	112.0	151.0	127.375
right	262	295	213	4.5	113.0	177.0	133.44444444444443
left	263	359	212	2.0	113.0	151.0	133.33333333333331
right	263	120	65	2.5	112.0	151.0	127.375
right	263	295	213	4.5	113.0	177.0	133.44444444444443
left	264	359	212	2.0	113.0	151.0	133.33333333333331
right	264	120	65	2.5	112.0	151.0	127.375
right	264	295	213	4.5	113.0	177.0	133.44444444444443
left	265	359	212	2.0	116.0	157.0	139.33333333333331
right	265	120	65	2.5	112.0	151.0	127.375
right	265	295	213	4.5	113.0	177.0	133.44444444444443
left	266	359	212	2.0	116.0	157.0	139.33333333333331
right	266	120	65	0.5	116.0	135.0	119.66666666666666
right	266	295	213	3.0	119.0	176.0	139.28571428571428
left	267	359	212	2.0	116.0	157.0	139.33333333333331
right	267	120	65	0.5	116.0	135.0	119.66666666666666
right	267	295	213	3.0	119.0	176.0	139.28571428571428
left	268	359	212	2.0	116.0	157.0	139.33333333333331
right	268	120	65	0.5	116.0	135.0	119.66666666666666
right	268	295	213	3.0	119.0	176.0	139.28571428571428
left	269	359	212	2.5	114.0	166.0	133.57142857142856
right	269	120	65	0.5	116.0	135.0	119.66666666666666
right	269	295	213	3.0	119.0	176.0	139.28571428571428
left	270	359	212	2.5	114.0	166.0	133.57142857142856
right	270	121	65	1.0	115.0	134.0	121.60000000000001
right	270	295	212	3.0	113.0	159.0	132.7142857142857
left	271	359	212	2.5	114.0	166.0	133.57142857142856
right	271	121	65	1.0	115.0	134.0	121.60000000000001
right	271	295	212	3.0	113.0	159.0	132.7142857142857
left	272	359	212	2.5	114.0	166.0	133.57142857142856
right	272	121	65	1.0	115.0	134.0	121.60000000000001
right	272	295	212	3.0	113.0	159.0	132.7142857142857
left	273	359	212	1.5	113.0	154.0	134.20000000000002
right	273	120	65	1.5	119.0	141.0	126.60000000000001
right	273	295	213	1.5	136.0	161.0	143.6
left	274	359	212	1.5	113.0	154.0	134.20000000000002
right	274	120	65	1.5	119.0	141.0	126.60000000000001
right	274	295	213	1.5	136.0	161.0	143.6
left	275	359	212	1.5	113.0	154.0	134.20000000000002
right	275	120	65	1.5	119.0	141.0	126.60000000000001
right	275	295	213	1.5	136.0	161.0	143.6
left	276	359	212	1.5	114.0	165.0	142.4
right	276	120	65	1.5	119.0	141.0	126.60000000000001
right	276	295	213	1.5	136.0	161.0	143.6
left	277	359	212	1.5	114.0	165.0	142.4
right	277	120	65	1.5	115.0	138.0	119.66666666666666
right	277	295	213	3.0	114.0	150.0	127.71428571428571
left	278	359	212	1.5	114.0	165.0	142.4
right	278	120	65	1.5	115.0	138.0	119.66666666666666
right	278	295	213	3.0	114.0	150.0	127.71428571428571
left	279	359	212	1.5	114.0	165.0	142.4
right	279	120	65	1.5	115.0	138.0	119.66666666666666
right	279	295	213	3.0	114.0	150.0	127.71428571428571
left	280	359	211	4.0	112.0	154.0	130.5
right	280	120	65	1.5	115.0	138.0	119.66666666666666
right	280	295	213	3.0	114.0	150.0	126.71428571428571
left	281	359	211	4.0	112.0	154.0	130.5
right	281	120	65	2.0	112.0	141.0	119.85714285714285
right	281	295	213	2.5	113.0	155.0	132.33333333333331
left	282	359	211	4.0	112.0	154.0	130.5
right	282	120	65	2.0	112.0	141.0	119.85714285714285
right	282	295	213	2.5	113.0	155.0	132.33333333333331
left	283	359	211	4.0	112.0	154.0	130.5
right	283	120	65	2.0	112.0	141.0	119.85714285714285
right	283	295	213	2.5	113.0	155.0	132.33333333333331
left	284	359	212	5.0	113.0	158.0	130.0
right	284	120	65	2.0	112.0	141.0	119.85714285714285
right	284	295	213	2.5	113.0	155.0	132.33333333333331
left	285	359	212	5.0	113.0	158.0	130.0
right	285	121	65	1.0	115.0	131.0	118.0
right	285	295	213	3.0	121.0	156.0	133.0
left	286	359	212	5.0	113.0	158.0	130.0
right	286	121	65	1.0	115.0	131.0	118.0
right	286	295	213	3.0	119.0	157.0	132.85714285714286
left	287	359	212	5.0	113.0	158.0	130.0
right	287	121	65	1.0	115.0	131.0	118.0
right	287	295	213	3.0	121.0	156.0	133.0
left	288	359	212	2.5	114.0	163.0	135.7142857142857
right	288	120	65	0.5	124.0	162.0	135.0
right	288	295	213	3.0	115.0	155.0	126.85714285714285
left	289	359	212	2.5	114.0	163.0	135.7142857142857
right	289	120	65	0.5	124.0	162.0	135.0
right	289	295	213	3.0	115.0	155.0	126.85714285714285
left	290	359	212	2.5	114.0	163.0	135.7142857142857
right	290	120	65	0.5	124.0	162.0	135.0
right	290	295	213	3.0	115.0	155.0	126.85714285714285
right	291	120	65	0.5	124.0	162.0	135.0
right	291	295	213	3.0	115.0	155.0	126.85714285714285
right	292	121	65	1.0	114.0	144.0	129.20000000000002
right	293	121	65	1.0	114.0	144.0	129.20000000000002
right	294	121	65	1.0	114.0	144.0	129.20000000000002
right	295	121	65	1.0	114.0	144.0	129.20000000000002
right	296	120	65	2.0	112.0	152.0	130.0
right	297	120	65	2.0	112.0	152.0	130.0
right	298	120	65	2.0	112.0	152.0	130.0
right	299	120	65	2.0	112.0	152.0	130.0
right	300	120	65	0.5	112.0	126.0	114.0
right	301	120	65	0.5	112.0	126.0	114.0
right	302	120	65	0.5	112.0	126.0	114.0
right	303	120	65	2.0	111.0	148.0	121.28571428571428
right	304	120	65	2.0	111.0	148.0	121.28571428571428
right	305	120	65	2.0	111.0	148.0	121.28571428571428
right	306	120	65	2.0	111.0	148.0	121.28571428571428
right	307	120	65	2.0	114.0	156.0	127.16666666666666
right	308	120	65	2.0	114.0	156.0	127.16666666666666
right	309	120	65	2.0	114.0	156.0	127.16666666666666
right	310	120	65	2.0	114.0	156.0	127.16666666666666
right	311	120	65	1.5	126.0	154.0	129.20000000000002
right	311	336	451	1.0	111.0	255.0	249.58346333853356
right	312	120	65	1.5	126.0	154.0	129.20000000000002
right	312	336	451	1.0	111.0	255.0	249.58346333853356
right	313	120	65	1.5	126.0	154.0	129.20000000000002
right	313	336	451	1.0	111.0	255.0	249.58346333853356
right	314	120	65	1.5	126.0	154.0	129.20000000000002
right	314	336	451	1.0	111.0	255.0	249.58346333853356
right	315	121	65	1.0	119.0	144.0	123.4
right	316	121	65	1.0	119.0	144.0	123.4
right	317	121	65	1.0	119.0	144.0	123.4
right	318	120	65	0.5	112.0	120.0	115.33333333333333
right	319	120	65	0.5	112.0	120.0	115.33333333333333
right	320	120	65	0.5	112.0	120.0	115.33333333333333
right	321	120	65	0.5	112.0	120.0	115.33333333333333
right	322	120	65	1.5	112.0	131.0	121.60000000000001
right	323	120	65	1.5	112.0	131.0	121.60000000000001
right	324	120	65	1.5	112.0	131.0	121.60000000000001
right	325	120	65	1.5	112.0	131.0	121.60000000000001
right	326	120	65	2.0	115.0	137.0	123.66666666666666
right	327	120	65	2.0	115.0	137.0	123.66666666666666
right	328	120	65	2.0	115.0	137.0	123.66666666666666
right	329	120	65	2.0	115.0	137.0	123.66666666666666
right	330	120	65	1.5	119.0	129.0	119.60000000000001
right	330	294	269	2.0	121.0	145.0	132.66666666666666
right	331	120	65	1.5	119.0	129.0	119.60000000000001
right	331	294	269	2.0	121.0	145.0	132.66666666666666
right	332	120	65	1.5	119.0	129.0	119.60000000000001
right	332	294	269	2.0	121.0	145.0	132.66666666666666
left	333	358	269	2.5	114.0	163.0	129.33333333333331
right	333	294	269	2.0	116.0	152.0	130.83333333333331
left	334	358	269	2.5	114.0	163.0	129.33333333333331
right	334	293	269	1.5	114.0	152.0	132.6
left	335	358	269	2.5	114.0	163.0	129.33333333333331
right	335	294	269	2.0	113.0	152.0	129.5
left	336	358	269	2.5	114.0	163.0	129.33333333333331
right	336	294	269	2.0	116.0	152.0	130.83333333333331
left	337	358	269	2.0	116.0	150.0	123.83333333333333
right	337	120	65	2.0	123.0	141.0	126.5
right	337	294	269	2.5	114.0	154.0	136.28571428571428
left	338	358	269	2.0	116.0	150.0	123.83333333333333
right	338	120	65	2.0	123.0	141.0	126.5
right	338	294	269	2.5	114.0	154.0	136.28571428571428
left	339	358	269	2.0	116.0	150.0	123.83333333333333
right	339	120	65	2.0	123.0	141.0	126.5
right	339	294	269	2.5	114.0	154.0	136.28571428571428
left	340	358	269	1.5	126.0	152.0	130.0
right	340	120	65	2.0	123.0	141.0	126.5
right	340	294	269	2.5	114.0	154.0	136.28571428571428
left	341	358	269	1.5	126.0	152.0	130.0
right	341	121	65	1.0	113.0	136.0	122.80000000000001
right	341	294	269	2.5	117.0	169.0	135.85714285714286
left	342	358	269	1.5	126.0	152.0	130.0
right	342	121	65	1.0	113.0	136.0	122.80000000000001
right	342	294	269	2.5	117.0	169.0	135.85714285714286
left	343	358	269	1.5	126.0	152.0	130.0
right	343	121	65	1.0	113.0	136.0	122.80000000000001
right	343	294	269	2.5	117.0	169.0	135.85714285714286
left	344	358	269	1.0	124.0	134.0	125.25
right	344	121	65	1.0	113.0	136.0	122.80000000000001
right	344	294	269	2.5	117.0	169.0	135.85714285714286
left	345	358	269	1.0	124.0	134.0	125.25
right	345	119	65	0.5	114.0	137.0	119.75
right	345	294	269	2.0	129.0	141.0	129.66666666666666
left	346	358	269	1.0	124.0	134.0	125.25
right	346	119	65	0.5	114.0	137.0	119.75
right	346	294	269	2.0	129.0	141.0	129.66666666666666
left	347	358	269	1.0	124.0	134.0	125.25
right	347	119	65	0.5	114.0	137.0	119.75
right	347	294	269	2.0	129.0	141.0	129.66666666666666
left	348	358	270	1.0	115.0	130.0	120.25
right	348	119	65	0.5	114.0	137.0	119.75
right	348	294	269	2.0	129.0	141.0	129.66666666666666
left	349	358	270	1.0	115.0	130.0	120.25
right	349	120	65	2.0	113.0	138.0	122.0
right	349	294	270	3.5	114.0	144.0	129.375
left	350	358	270	1.0	115.0	130.0	120.25
right	350	120	65	2.0	113.0	138.0	122.0
right	350	294	270	3.5	114.0	144.0	129.375
left	351	358	270	1.0	115.0	130.0	120.25
right	351	120	65	2.0	113.0	138.0	122.0
right	351	294	270	3.5	114.0	144.0	129.375
left	352	358	270	1.0	116.0	144.0	129.25
right	352	294	269	3.5	115.0	152.0	132.5
left	353	358	270	1.0	116.0	144.0	129.25
right	353	294	269	3.5	115.0	152.0	132.5
left	354	358	270	1.0	116.0	144.0	129.25
right	354	294	269	3.5	115.0	152.0	132.5
left	355	358	269	2.5	113.0	152.0	129.33333333333331
right	355	294	269	3.5	115.0	152.0	132.5
left	356	358	269	2.5	113.0	152.0	129.33333333333331
right	356	121	65	1.0	114.0	148.0	127.80000000000001
right	356	294	269	2.0	131.0	156.0	140.5
left	357	358	269	2.5	113.0	152.0	129.33333333333331
right	357	121	65	1.0	114.0	148.0	127.80000000000001
right	357	294	269	2.0	131.0	156.0	140.5
left	358	358	269	2.5	113.0	152.0	129.33333333333331
right	358	121	65	1.0	114.0	148.0	127.80000000000001
right	358	294	269	2.0	131.0	156.0	140.5
left	359	358	270	2.5	114.0	152.0	124.0
left	359	357	326	0.5	115.0	134.0	121.0
right	359	121	65	1.0	114.0	148.0	127.80000000000001
right	359	294	269	2.0	131.0	156.0	140.5
left	360	358	270	2.5	114.0	152.0	124.0
left	360	357	326	0.5	115.0	134.0	121.0
right	360	120	65	2.0	117.0	148.0	126.83333333333333
right	360	294	269	2.0	116.0	144.0	127.0
left	361	358	270	2.5	114.0	152.0	124.0
left	361	357	326	0.5	115.0	134.0	121.0
right	361	120	65	2.0	117.0	148.0	126.83333333333333
right	361	294	269	2.0	116.0	144.0	127.0
left	362	358	270	2.5	114.0	152.0	124.0
left	362	357	326	0.5	115.0	134.0	121.0
right	362	120	65	2.0	117.0	148.0	126.83333333333333
right	362	294	269	2.0	116.0	144.0	127.0
left	363	358	269	2.0	112.0	154.0	128.66666666666666
right	363	120	65	2.0	114.0	148.0	127.0
right	363	294	269	2.0	127.0	165.0	133.66666666666666
left	364	358	269	2.0	112.0	154.0	128.66666666666666
right	364	120	65	2.0	114.0	148.0	127.0
right	364	294	269	2.0	127.0	165.0	133.66666666666666
left	365	358	269	2.0	112.0	154.0	128.66666666666666
right	365	120	65	2.0	114.0	148.0	127.0
right	365	294	269	2.0	127.0	165.0	133.66666666666666
left	366	358	269	2.0	112.0	154.0	128.66666666666666
right	366	120	65	2.0	114.0	148.0	127.0
right	366	294	269	2.0	127.0	165.0	133.66666666666666
left	367	358	269	3.0	115.0	161.0	126.71428571428571
left	367	357	326	0.5	121.0	131.0	121.0
right	367	121	65	1.0	116.0	135.0	117.4
right	367	294	269	1.5	124.0	154.0	136.0
right	367	294	325	0.5	113.0	129.0	115.66666666666666
left	368	358	269	3.0	115.0	161.0	126.71428571428571
left	368	357	326	0.5	121.0	131.0	121.0
right	368	121	65	1.0	116.0	135.0	117.4
right	368	294	269	1.5	124.0	154.0	136.0
right	368	294	325	0.5	113.0	129.0	115.66666666666666
left	369	358	269	3.0	115.0	161.0	126.71428571428571
left	369	357	326	0.5	121.0	131.0	121.0
right	369	121	65	1.0	116.0	135.0	117.4
right	369	294	269	1.5	124.0	154.0	136.0
right	369	294	325	0.5	113.0	129.0	115.66666666666666
left	370	358	269	3.0	116.0	147.0	123.71428571428571
right	370	121	65	1.0	116.0	135.0	117.4
right	370	294	269	1.5	124.0	154.0	136.0
right	370	294	325	0.5	113.0	129.0	115.66666666666666
left	371	358	269	3.0	116.0	147.0	123.71428571428571
right	371	121	65	1.0	115.0	138.0	118.0
right	371	294	269	3.5	112.0	171.0	138.125
left	372	358	269	3.0	116.0	147.0	123.71428571428571
right	372	121	65	1.0	115.0	138.0	118.0
right	372	294	269	3.5	112.0	171.0	138.125
left	373	358	269	3.0	116.0	147.0	123.71428571428571
right	373	121	65	1.0	115.0	138.0	118.0
right	373	294	269	3.5	112.0	171.0	138.125
left	374	357	326	0.5	112.0	117.0	110.0
right	374	121	65	1.0	115.0	138.0	118.0
right	374	294	269	3.5	112.0	171.0	138.125
left	375	357	326	0.5	112.0	117.0	110.0
right	375	120	65	2.0	113.0	152.0	122.42857142857142
right	375	294	269	2.0	126.0	151.0	133.66666666666666
left	376	357	326	0.5	112.0	117.0	110.0
right	376	120	64	3.0	112.0	156.0	122.375
right	376	294	269	3.5	114.0	159.0	128.375
left	377	357	326	0.5	112.0	117.0	110.0
right	377	120	64	3.0	112.0	156.0	122.375
right	377	294	269	3.5	114.0	159.0	128.375
left	378	358	269	2.0	115.0	172.0	136.4
right	378	294	269	3.5	115.0	154.0	127.75
left	379	358	269	2.0	115.0	172.0	136.4
right	379	294	269	3.5	115.0	154.0	127.75
left	380	358	269	2.0	115.0	172.0	136.4
right	380	294	269	3.5	115.0	154.0	127.75
left	381	358	269	2.0	115.0	172.0	136.4
right	381	294	269	3.5	115.0	154.0	127.75
left	382	358	269	2.0	112.0	144.0	125.5
left	382	467	373	0.5	112.0	115.0	110.0
right	382	120	65	1.5	114.0	147.0	119.60000000000001
right	382	293	269	2.0	116.0	147.0	124.5
left	383	358	269	2.0	112.0	144.0	125.5
left	383	467	373	0.5	112.0	115.0	110.0
right	383	120	65	1.5	114.0	147.0	119.60000000000001
right	383	293	269	2.0	116.0	147.0	124.5
left	384	358	269	2.0	112.0	144.0	125.5
left	384	467	373	0.5	112.0	115.0	110.0
right	384	120	65	1.5	114.0	147.0	119.60000000000001
right	384	293	269	2.0	116.0	147.0	124.5
left	385	357	269	0.5	127.0	155.0	135.66666666666666
left	385	357	326	1.0	112.0	128.0	114.75
right	385	120	65	1.5	114.0	147.0	119.60000000000001
right	385	293	269	2.0	116.0	147.0	124.5
left	386	357	269	0.5	127.0	155.0	135.66666666666666
left	386	357	326	1.0	112.0	128.0	114.75
right	386	120	65	1.5	114.0	138.0	118.0
right	386	294	269	2.0	114.0	133.0	119.5
left	387	357	269	0.5	127.0	155.0	135.66666666666666
left	387	357	326	1.0	112.0	128.0	114.75
right	387	120	65	1.5	114.0	138.0	118.0
right	387	294	269	2.0	114.0	133.0	119.5
left	388	357	269	0.5	127.0	155.0	135.66666666666666
left	388	357	326	1.0	112.0	128.0	114.75
right	388	120	65	1.5	114.0	138.0	118.0
right	388	294	269	2.0	114.0	133.0	119.5
left	389	358	269	2.0	113.0	151.0	128.66666666666666
right	389	120	65	1.5	114.0	138.0	118.0
right	389	294	269	2.0	114.0	133.0	119.5
left	390	358	269	2.0	113.0	151.0	128.66666666666666
right	390	121	65	1.0	115.0	147.0	126.0
right	390	294	269	4.0	113.0	141.0	124.55555555555554
left	391	358	269	2.0	113.0	151.0	128.66666666666666
right	391	121	65	1.0	115.0	147.0	126.0
right	391	294	269	4.0	113.0	141.0	124.55555555555554
left	392	358	269	2.0	113.0	151.0	128.66666666666666
right	392	121	65	1.0	115.0	147.0	126.0
right	392	294	269	4.0	113.0	141.0	124.55555555555554
left	393	358	269	3.0	115.0	162.0	129.0
right	393	121	65	1.0	115.0	147.0	126.0
right	393	294	269	4.0	113.0	141.0	124.55555555555554
left	394	358	269	3.0	115.0	162.0	129.0
right	394	120	65	1.5	115.0	144.0	119.60000000000001
right	394	294	269	3.0	114.0	154.0	131.25
left	395	358	269	3.0	115.0	162.0	129.0
right	395	120	65	1.5	115.0	144.0	119.60000000000001
right	395	294	269	3.0	114.0	154.0	131.25
left	396	358	269	3.0	115.0	162.0	129.0
right	396	120	65	1.5	115.0	144.0	119.60000000000001
right	396	294	269	3.0	114.0	154.0	131.25
left	397	358	269	4.0	112.0	151.0	121.88888888888889
right	397	120	65	2.0	112.0	143.0	123.57142857142857
right	397	294	269	2.0	114.0	142.0	122.66666666666666
left	398	358	269	4.0	112.0	151.0	121.88888888888889
right	398	120	65	2.0	112.0	143.0	123.57142857142857
right	398	294	269	2.0	114.0	142.0	122.66666666666666
left	399	358	269	4.0	112.0	151.0	121.88888888888889
right	399	120	65	2.0	112.0	143.0	123.57142857142857
right	399	294	269	2.0	114.0	142.0	122.66666666666666
left	400	358	269	2.0	114.0	147.0	127.2
right	400	120	65	2.0	112.0	143.0	123.57142857142857
right	400	294	269	2.0	114.0	142.0	122.66666666666666
left	401	358	269	2.0	114.0	147.0	127.2
right	401	120	65	3.0	112.0	158.0	126.25
right	401	294	269	2.0	115.0	141.0	126.16666666666666
left	402	358	269	2.0	114.0	147.0	127.2
right	402	120	65	3.0	112.0	158.0	126.25
right	402	294	269	2.0	115.0	141.0	126.16666666666666
left	403	358	269	2.0	114.0	147.0	127.2
right	403	120	65	3.0	112.0	158.0	126.25
right	403	294	269	2.0	115.0	141.0	126.16666666666666
left	404	358	269	2.0	114.0	156.0	125.2
right	404	120	65	3.0	112.0	158.0	126.25
right	404	294	269	2.0	115.0	141.0	126.16666666666666
left	405	358	269	2.0	114.0	156.0	125.2
left	406	358	269	2.0	114.0	156.0	125.2
left	407	358	269	2.0	114.0	156.0	125.2
left	408	358	269	2.0	115.0	156.0	130.0
left	409	358	269	2.0	115.0	156.0	130.0
right	409	120	65	0.5	113.0	147.0	124.66666666666666
right	409	293	269	1.5	114.0	130.0	117.80000000000001
left	410	358	269	2.0	115.0	156.0	130.0
right	410	120	65	0.5	113.0	147.0	124.66666666666666
right	410	293	269	1.5	114.0	130.0	117.80000000000001
left	411	358	269	2.0	115.0	156.0	130.0
right	411	120	65	0.5	113.0	147.0	124.66666666666666
right	411	293	269	1.5	114.0	130.0	117.80000000000001
right	412	120	65	1.5	121.0	135.0	121.2
right	413	120	65	1.5	121.0	135.0	121.2
right	414	120	65	1.5	121.0	135.0	121.2
right	415	120	65	1.5	121.0	135.0	121.2
right	416	120	65	2.0	112.0	151.0	130.66666666666666
right	417	120	65	2.0	112.0	151.0	130.66666666666666
right	418	120	65	2.0	112.0	151.0	130.66666666666666
right	419	120	65	2.0	112.0	151.0	130.66666666666666
right	420	120	65	2.0	117.0	156.0	124.5
right	421	120	65	2.0	117.0	156.0	124.5
right	422	120	65	2.0	117.0	156.0	124.5
right	423	120	65	2.0	117.0	156.0	124.5
right	424	120	65	1.5	114.0	137.0	119.2
right	425	120	65	1.5	114.0	137.0	119.2
right	426	120	65	1.5	114.0	137.0	119.2
right	427	121	65	1.0	112.0	131.0	117.75
right	428	121	65	1.0	112.0	131.0	117.75
right	429	121	65	1.0	112.0	131.0	117.75
right	430	121	65	1.0	112.0	131.0	117.75
right	431	120	65	2.0	121.0	142.0	125.83333333333333
right	432	120	65	2.0	121.0	142.0	125.83333333333333
right	433	120	65	2.0	121.0	142.0	125.83333333333333
right	434	120	65	2.0	121.0	142.0	125.83333333333333
right	435	120	65	2.0	112.0	141.0	122.66666666666666
right	436	120	65	2.0	112.0	141.0	122.66666666666666
right	437	120	65	2.0	112.0	141.0	122.66666666666666
right	438	120	65	2.0	112.0	141.0	122.66666666666666
right	442	120	65	1.5	111.0	140.0	115.83333333333333
right	443	120	65	1.5	111.0	140.0	115.83333333333333
right	444	120	65	1.5	111.0	140.0	115.83333333333333
right	445	120	65	1.5	111.0	140.0	115.83333333333333
right	446	120	65	1.5	114.0	143.0	123.5
right	447	120	65	1.5	114.0	143.0	123.5
right	448	120	65	1.5	114.0	143.0	123.5
right	449	120	65	1.5	114.0	143.0	123.5
right	450	120	65	1.5	116.0	156.0	127.0
right	451	120	65	1.5	116.0	156.0	127.0
right	452	120	65	1.5	116.0	156.0	127.0
left	453	356	326	0.5	114.0	123.0	114.0
right	453	120	65	1.5	116.0	156.0	127.0
left	454	356	326	0.5	114.0	123.0	114.0
right	454	120	65	2.0	112.0	144.0	130.42857142857142
right	454	337	451	1.0	113.0	255.0	247.53666146645867
left	455	356	326	0.5	114.0	123.0	114.0
right	455	120	65	2.0	112.0	144.0	130.42857142857142
right	455	337	451	1.0	113.0	255.0	248.39313572542903
left	456	356	326	0.5	114.0	123.0	114.0
right	456	120	65	2.0	112.0	144.0	130.42857142857142
right	456	337	451	1.0	113.0	255.0	248.3634945397816
left	457	356	326	3.5	112.0	140.0	126.25
right	457	120	65	0.5	113.0	137.0	119.66666666666666
left	458	356	326	3.5	112.0	140.0	126.25
right	458	120	65	0.5	113.0	137.0	119.66666666666666
left	459	356	326	3.5	112.0	140.0	126.25
right	459	120	65	0.5	113.0	137.0	119.66666666666666
left	460	356	326	1.5	112.0	142.0	120.4
right	460	120	65	0.5	113.0	137.0	119.66666666666666
left	461	356	326	1.5	112.0	142.0	120.4
right	461	293	325	2.0	116.0	149.0	126.83333333333333
left	462	356	326	1.5	112.0	142.0	120.4
right	462	293	325	2.0	116.0	149.0	126.83333333333333
left	463	356	326	1.5	112.0	142.0	120.4
right	463	293	325	2.0	116.0	149.0	126.83333333333333
left	464	356	326	1.0	136.0	141.0	134.0
right	464	293	325	2.0	116.0	149.0	126.83333333333333
left	465	356	326	1.0	136.0	141.0	134.0
right	465	292	325	1.0	114.0	157.0	129.25
left	466	356	326	1.0	136.0	141.0	134.0
right	466	292	325	1.0	114.0	157.0	129.25
left	467	356	326	1.0	136.0	141.0	134.0
right	467	292	325	1.0	114.0	157.0	129.25
left	468	356	326	3.0	112.0	147.0	126.0
right	468	292	325	1.0	114.0	157.0	129.25
left	469	356	326	3.0	112.0	147.0	126.0
right	469	120	65	2.0	113.0	144.0	120.42857142857142
right	469	293	325	2.0	128.0	152.0	134.0
left	470	356	326	3.0	112.0	147.0	126.0
right	470	120	65	2.0	113.0	144.0	120.42857142857142
right	470	293	325	2.0	128.0	152.0	134.0
left	471	356	326	3.0	112.0	147.0	126.0
right	471	120	65	2.0	113.0	144.0	120.42857142857142
right	471	293	325	2.0	128.0	152.0	134.0
left	472	356	326	1.0	124.0	150.0	132.25
right	472	120	65	2.0	113.0	145.0	122.28571428571428
right	472	293	325	1.5	126.0	159.0	135.20000000000002
left	473	356	326	1.0	124.0	150.0	132.25
right	473	120	65	2.0	113.0	145.0	122.28571428571428
right	473	293	325	1.5	126.0	159.0	135.20000000000002
left	474	356	326	1.0	124.0	150.0	132.25
right	474	120	65	2.0	113.0	145.0	122.28571428571428
right	474	293	325	1.5	126.0	159.0	135.20000000000002
left	475	356	326	3.0	112.0	155.0	129.57142857142856
right	475	120	65	2.0	113.0	145.0	122.28571428571428
right	475	293	325	1.5	126.0	159.0	135.20000000000002
left	476	356	326	3.0	112.0	155.0	129.57142857142856
right	476	120	65	0.5	115.0	136.0	121.5
right	476	293	325	2.0	112.0	168.0	132.0
left	477	356	326	3.0	112.0	155.0	129.57142857142856
right	477	120	65	0.5	115.0	136.0	121.5
right	477	293	325	2.0	112.0	168.0	132.0
left	478	356	326	3.0	112.0	155.0	129.57142857142856
right	478	120	65	0.5	115.0	136.0	121.5
right	478	293	325	2.0	112.0	168.0	132.0
left	479	356	326	2.5	114.0	157.0	131.28571428571428
right	479	120	65	0.5	115.0	136.0	121.5
right	479	293	325	2.0	112.0	168.0	132.0
left	480	356	326	2.5	114.0	157.0	131.28571428571428
right	480	120	65	0.5	124.0	137.0	125.5
right	480	292	325	1.5	117.0	168.0	141.20000000000002
left	481	356	326	2.5	114.0	157.0	131.28571428571428
right	481	120	65	0.5	124.0	137.0	125.5
right	481	292	325	1.5	117.0	168.0	141.20000000000002
left	482	356	326	2.5	114.0	157.0	131.28571428571428
right	482	120	65	0.5	124.0	137.0	125.5
right	482	292	325	1.5	117.0	168.0	141.20000000000002
left	483	356	326	3.0	113.0	151.0	125.28571428571428
right	483	120	65	0.5	124.0	137.0	125.5
right	483	292	325	1.5	117.0	168.0	141.20000000000002
left	484	356	326	3.0	113.0	151.0	125.28571428571428
right	484	120	65	2.0	113.0	144.0	123.33333333333333
right	484	293	325	2.0	113.0	155.0	128.0
left	485	356	326	3.0	113.0	151.0	125.28571428571428
right	485	120	65	2.0	113.0	144.0	123.33333333333333
right	485	293	325	2.0	113.0	155.0	128.0
left	486	356	326	3.0	113.0	151.0	125.28571428571428
right	486	120	65	2.0	113.0	144.0	123.33333333333333
right	486	293	325	2.0	113.0	155.0	128.0
left	487	356	326	1.5	115.0	158.0	142.8
right	487	121	65	1.5	117.0	141.0	124.80000000000001
right	487	293	325	2.0	116.0	143.0	123.83333333333333
left	488	356	326	1.5	115.0	158.0	142.8
right	488	121	65	1.5	117.0	141.0	124.80000000000001
right	488	293	325	2.0	116.0	143.0	123.83333333333333
left	489	356	326	1.5	115.0	158.0	142.8
right	489	121	65	1.5	117.0	141.0	124.80000000000001
right	489	293	325	2.0	116.0	143.0	123.83333333333333
left	490	356	326	1.5	114.0	137.0	121.2
right	490	121	65	1.5	117.0	141.0	124.80000000000001
right	490	293	325	2.0	116.0	143.0	123.83333333333333
left	491	356	326	1.5	114.0	137.0	121.2
right	491	292	325	2.0	113.0	162.0	133.16666666666666
left	492	356	326	1.5	114.0	137.0	121.2
right	492	292	325	2.0	113.0	162.0	133.16666666666666
left	493	356	326	1.5	114.0	137.0	121.2
right	493	292	325	2.0	113.0	162.0	133.16666666666666
left	494	356	326	1.0	114.0	128.0	116.25
right	494	292	325	2.0	113.0	162.0	133.16666666666666
left	495	356	326	1.0	114.0	128.0	116.25
right	495	292	325	1.0	117.0	145.0	126.25
left	496	356	326	1.0	114.0	128.0	116.25
right	496	292	325	1.0	117.0	145.0	126.25
left	497	356	326	1.0	114.0	128.0	116.25
right	497	292	325	1.0	117.0	145.0	126.25
left	498	356	326	1.5	116.0	142.0	124.80000000000001
right	498	292	325	1.0	117.0	145.0	126.25
left	499	356	326	1.5	116.0	142.0	124.80000000000001
right	499	120	65	2.0	114.0	134.0	119.66666666666666
right	499	292	325	1.5	128.0	148.0	133.20000000000002
left	500	356	326	1.5	116.0	142.0	124.80000000000001
right	500	120	65	2.0	114.0	134.0	119.66666666666666
right	500	292	325	1.5	128.0	148.0	133.20000000000002
left	501	356	326	1.5	116.0	142.0	124.80000000000001
right	501	120	65	2.0	114.0	134.0	119.66666666666666
right	501	292	325	1.5	128.0	148.0	133.20000000000002
left	502	356	326	1.5	114.0	175.0	141.4
right	502	120	65	1.5	116.0	134.0	120.2
right	502	292	325	2.0	114.0	142.0	127.5
left	503	356	326	1.5	114.0	175.0	141.4
right	503	120	65	1.5	116.0	134.0	120.2
right	503	292	325	2.0	114.0	142.0	127.5
left	504	356	326	1.5	114.0	175.0	141.4
right	504	120	65	1.5	116.0	134.0	120.2
right	504	292	325	2.0	114.0	142.0	127.5
left	505	356	326	2.0	115.0	143.0	122.66666666666666
right	505	120	65	1.5	116.0	134.0	120.2
right	505	292	325	2.0	114.0	142.0	127.5
left	506	356	326	2.0	115.0	143.0	122.66666666666666
right	506	121	65	1.0	117.0	131.0	122.80000000000001
right	506	292	325	2.0	114.0	151.0	126.16666666666666
left	507	356	326	2.0	115.0	143.0	122.66666666666666
right	507	121	65	1.0	117.0	131.0	122.80000000000001
right	507	292	325	2.0	114.0	151.0	126.16666666666666
left	508	356	326	2.0	115.0	143.0	122.66666666666666
right	508	121	65	1.0	117.0	131.0	122.80000000000001
right	508	292	325	2.0	114.0	151.0	126.16666666666666
left	509	355	326	0.5	117.0	144.0	125.66666666666666
left	509	467	374	0.5	116.0	119.0	113.0
right	509	121	65	1.0	117.0	131.0	122.0
right	509	292	325	2.0	114.0	147.0	129.16666666666666
left	510	355	326	0.5	117.0	144.0	125.66666666666666
left	510	467	374	0.5	116.0	119.0	113.0
right	510	292	325	1.5	119.0	149.0	135.6
left	511	355	326	0.5	117.0	144.0	125.66666666666666
left	511	467	374	0.5	116.0	119.0	113.0
right	511	292	325	1.5	119.0	149.0	135.6
left	512	355	326	0.5	117.0	144.0	125.66666666666666
left	512	467	374	0.5	116.0	119.0	113.0
right	512	292	325	1.5	119.0	149.0	135.6
left	513	356	326	0.5	116.0	136.0	121.33333333333333
right	513	292	325	1.5	119.0	145.0	134.8
left	514	356	326	0.5	116.0	136.0	121.33333333333333
right	514	292	325	2.5	113.0	152.0	129.85714285714286
left	515	356	326	0.5	116.0	136.0	121.33333333333333
right	515	292	325	2.5	113.0	152.0	129.85714285714286
left	516	356	326	0.5	116.0	136.0	121.33333333333333
right	516	292	325	2.5	113.0	152.0	129.85714285714286
left	517	355	326	1.0	130.0	138.0	134.0
left	517	467	372	1.0	113.0	120.0	113.5
right	517	292	325	1.5	121.0	144.0	129.20000000000002
left	518	355	326	1.0	130.0	138.0	134.0
left	518	467	372	1.0	113.0	120.0	113.5
right	518	292	325	1.5	121.0	144.0	129.20000000000002
left	519	355	326	1.0	130.0	138.0	134.0
left	519	467	372	1.0	113.0	120.0	113.5
right	519	292	325	1.5	121.0	144.0	129.20000000000002
left	520	356	326	2.0	117.0	148.0	125.33333333333333
right	520	292	325	1.5	121.0	144.0	129.20000000000002
left	521	356	326	2.0	117.0	148.0	125.33333333333333
right	521	292	325	1.0	116.0	145.0	124.0
left	522	356	326	2.0	117.0	148.0	125.33333333333333
right	522	292	325	1.0	116.0	145.0	124.0
left	523	356	326	2.0	117.0	148.0	125.33333333333333
right	523	292	325	1.0	116.0	145.0	124.0
left	524	355	326	2.0	114.0	144.0	125.16666666666666
right	524	292	325	1.0	116.0	145.0	124.0
left	525	355	326	2.0	114.0	144.0	125.16666666666666
right	525	121	65	1.0	115.0	136.0	118.80000000000001
right	525	292	325	1.0	112.0	130.0	120.0
left	526	355	326	2.0	114.0	144.0	125.16666666666666
right	526	121	65	1.0	115.0	136.0	118.80000000000001
right	526	292	325	1.0	112.0	130.0	120.0
left	527	355	326	2.0	114.0	144.0	125.16666666666666
right	527	121	65	1.0	115.0	136.0	118.80000000000001
right	527	292	325	1.0	112.0	130.0	120.0
left	528	356	326	1.0	123.0	142.0	128.0
right	528	121	65	1.0	115.0	136.0	118.80000000000001
right	528	292	325	1.0	112.0	130.0	120.0
left	529	356	326	1.0	123.0	142.0	128.0
right	529	120	65	1.5	113.0	145.0	119.80000000000001
right	529	292	324	1.0	115.0	152.0	133.0
left	530	356	326	1.0	123.0	142.0	128.0
right	530	120	65	1.5	113.0	145.0	119.80000000000001
right	530	292	324	1.0	115.0	152.0	133.0
left	531	356	326	1.0	123.0	142.0	128.0
right	531	120	65	1.5	113.0	145.0	119.80000000000001
right	531	292	324	1.0	115.0	152.0	133.0
left	532	356	326	1.5	115.0	138.0	125.80000000000001
right	532	120	65	0.5	112.0	133.0	118.80000000000001
right	532	292	325	1.0	124.0	141.0	131.0
left	533	356	326	1.5	115.0	138.0	125.80000000000001
right	533	120	65	0.5	112.0	133.0	118.80000000000001
right	533	292	325	1.0	124.0	141.0	131.0
left	534	356	326	1.5	115.0	138.0	125.80000000000001
right	534	120	65	0.5	112.0	133.0	118.80000000000001
right	534	292	325	1.0	124.0	141.0	131.0
left	535	355	326	3.5	112.0	156.0	127.625
right	535	120	65	0.5	112.0	133.0	118.80000000000001
right	535	292	325	1.0	124.0	141.0	131.0
left	536	355	326	3.5	112.0	156.0	127.625
right	536	121	65	1.0	112.0	131.0	116.4
right	536	292	325	1.0	133.0	156.0	140.25
left	537	355	326	3.5	112.0	156.0	127.625
right	537	121	65	1.0	112.0	131.0	116.4
right	537	292	325	1.0	133.0	156.0	140.25
left	538	355	326	3.5	112.0	156.0	127.625
right	538	121	65	1.0	112.0	131.0	116.4
right	538	292	325	1.0	133.0	156.0	140.25
right	539	121	65	1.0	112.0	131.0	116.4
right	539	292	325	1.0	133.0	156.0	140.25
right	540	121	65	1.0	121.0	145.0	131.5
right	541	121	65	1.0	121.0	145.0	131.5
right	542	121	65	1.0	121.0	145.0	131.5
right	543	121	65	1.0	121.0	145.0	131.5
right	544	120	65	0.5	123.0	141.0	124.0
right	545	120	65	0.5	123.0	141.0	124.0
right	546	120	65	0.5	123.0	141.0	124.0
right	547	120	65	2.0	114.0	133.0	119.5
right	548	120	65	2.0	114.0	133.0	119.5
right	549	120	65	2.0	114.0	133.0	119.5
right	550	120	65	2.0	114.0	133.0	119.5
right	551	120	65	0.5	113.0	136.0	118.25
right	552	120	65	0.5	113.0	136.0	118.25
right	553	120	65	0.5	113.0	136.0	118.25
right	554	120	65	0.5	113.0	136.0	118.25
right	555	120	65	2.0	116.0	152.0	127.16666666666666
right	556	120	65	2.0	116.0	152.0	127.16666666666666
right	557	120	65	2.0	116.0	152.0	127.16666666666666
right	558	120	65	2.0	116.0	152.0	127.16666666666666
left	562	468	375	1.0	113.0	116.0	110.25
left	563	468	375	1.0	113.0	116.0	110.25
left	564	468	375	1.0	113.0	116.0	110.25
left	565	468	375	1.0	113.0	116.0	110.25
right	566	121	65	1.0	121.0	126.0	118.5
right	567	121	65	1.0	121.0	126.0	118.5
right	568	121	65	1.0	121.0	126.0	118.5
right	569	121	65	1.0	121.0	126.0	118.5
right	570	120	65	2.0	115.0	134.0	121.66666666666666
right	571	120	65	2.0	115.0	134.0	121.66666666666666
right	572	120	65	2.0	115.0	134.0	121.66666666666666
right	573	120	65	2.0	115.0	134.0	121.66666666666666
right	574	120	65	0.5	113.0	138.0	117.25
right	575	120	65	0.5	113.0	138.0	117.25
right	576	120	65	0.5	113.0	138.0	117.25
left	577	383	100	1.0	113.0	255.0	249.23244929797193
right	577	290	379	2.5	119.0	143.0	127.0
left	578	383	100	1.0	113.0	255.0	249.23244929797193
right	578	290	379	2.5	119.0	143.0	127.0
left	579	383	100	1.0	113.0	255.0	249.23244929797193
right	579	290	379	2.5	119.0	143.0	127.0
left	580	353	381	1.0	115.0	152.0	130.0
right	580	290	379	2.5	119.0	143.0	127.0
left	581	353	381	1.0	115.0	152.0	130.0
right	581	120	65	2.0	114.0	144.0	123.85714285714285
right	581	290	378	2.0	131.0	147.0	135.66666666666666
left	582	353	381	1.0	115.0	152.0	130.0
right	582	120	65	2.0	114.0	144.0	123.85714285714285
right	582	290	378	2.0	131.0	147.0	135.66666666666666
left	583	353	381	1.0	115.0	152.0	130.0
right	583	120	65	2.0	114.0	144.0	123.85714285714285
right	583	290	378	2.0	131.0	147.0	135.66666666666666
left	584	81	200	1.0	111.0	255.0	249.58814352574103
left	584	353	381	4.0	117.0	162.0	133.22222222222223
right	584	120	65	2.0	114.0	144.0	123.85714285714285
right	584	290	378	2.0	131.0	147.0	135.66666666666666
left	585	81	200	1.0	111.0	255.0	250.16848673946959
left	585	353	381	4.0	117.0	162.0	133.22222222222223
right	585	120	65	0.5	116.0	135.0	121.75
right	585	290	379	2.5	112.0	150.0	122.83333333333333
left	586	81	200	1.0	111.0	255.0	249.94071762870516
left	586	353	381	4.0	117.0	162.0	133.22222222222223
right	586	120	65	0.5	116.0	135.0	121.75
right	586	290	379	2.5	112.0	150.0	122.83333333333333
left	587	81	200	1.0	111.0	255.0	250.10764430577223
left	587	353	381	4.0	117.0	162.0	133.22222222222223
right	587	120	65	0.5	116.0	135.0	121.75
right	587	290	379	2.5	112.0	150.0	122.83333333333333
left	588	353	382	1.5	117.0	152.0	136.0
right	588	120	65	0.5	116.0	135.0	121.75
right	588	290	379	2.5	112.0	150.0	122.83333333333333
left	589	353	382	1.5	117.0	152.0	136.0
right	589	120	65	1.5	112.0	136.0	120.2
right	589	290	379	1.0	113.0	158.0	131.25
left	590	353	382	1.5	117.0	152.0	136.0
right	590	120	65	1.5	112.0	136.0	120.2
right	590	290	379	1.0	113.0	158.0	131.25
left	591	353	382	1.5	117.0	152.0	136.0
right	591	120	65	1.5	112.0	136.0	120.2
right	591	290	379	1.0	113.0	158.0	131.25
left	592	353	382	2.0	116.0	145.0	130.83333333333331
right	592	120	65	0.5	116.0	124.0	116.0
left	593	353	382	2.0	116.0	145.0	130.83333333333331
right	593	120	65	0.5	116.0	124.0	116.0
left	594	353	382	2.0	116.0	145.0	130.83333333333331
right	594	120	65	0.5	116.0	124.0	116.0
left	595	353	382	2.0	116.0	145.0	130.83333333333331
right	595	120	65	0.5	116.0	124.0	116.0
left	596	352	382	1.0	117.0	128.0	118.0
right	596	121	65	1.0	112.0	136.0	119.60000000000001
left	597	352	382	1.0	117.0	128.0	118.0
right	597	121	65	1.0	117.0	138.0	120.0
left	598	352	382	1.0	117.0	128.0	118.0
right	598	121	65	1.0	115.0	137.0	120.0
left	599	353	382	3.0	119.0	158.0	133.28571428571428
right	599	121	65	1.0	112.0	136.0	119.60000000000001
left	600	353	382	3.0	119.0	158.0	133.28571428571428
right	600	121	65	1.0	114.0	138.0	120.0
right	600	290	379	1.0	117.0	156.0	130.0
left	601	353	382	3.0	119.0	158.0	133.28571428571428
right	601	121	65	1.0	114.0	138.0	120.0
right	601	290	379	1.0	117.0	156.0	130.0
left	602	353	382	3.0	119.0	158.0	133.28571428571428
right	602	121	65	1.0	114.0	138.0	120.0
right	602	290	379	1.0	117.0	156.0	130.0
left	603	352	381	4.5	112.0	157.0	130.88888888888889
right	603	121	65	1.0	114.0	138.0	120.0
right	603	290	379	1.0	117.0	156.0	130.0
left	604	352	381	4.5	112.0	157.0	130.88888888888889
right	604	120	65	2.0	112.0	144.0	121.66666666666666
right	604	290	379	1.0	114.0	137.0	120.5
left	605	352	381	4.5	112.0	157.0	130.88888888888889
right	605	120	65	2.0	112.0	144.0	121.66666666666666
right	605	290	379	1.0	114.0	137.0	120.5
left	606	352	381	4.5	112.0	157.0	130.88888888888889
right	606	120	65	2.0	112.0	144.0	121.66666666666666
right	606	290	379	1.0	114.0	137.0	120.5
left	607	352	381	5.0	113.0	164.0	132.5
right	607	121	65	1.5	112.0	127.0	113.5
right	607	290	379	1.5	114.0	155.0	132.6
left	608	352	381	5.0	113.0	164.0	132.5
right	608	121	65	1.5	112.0	127.0	113.5
right	608	290	379	1.5	114.0	155.0	132.6
left	609	352	381	5.0	113.0	164.0	132.5
right	609	121	65	1.5	112.0	127.0	113.5
right	609	290	379	1.5	114.0	155.0	132.6
left	610	352	381	5.0	114.0	164.0	133.3
right	610	121	65	1.5	112.0	127.0	113.5
right	610	290	379	1.5	114.0	155.0	132.6
left	611	352	381	5.0	114.0	164.0	133.3
right	611	120	65	0.5	116.0	128.0	119.0
right	611	290	379	2.0	120.0	157.0	132.83333333333331
left	612	352	381	5.0	114.0	164.0	133.3
right	612	120	65	0.5	116.0	128.0	119.0
right	612	290	379	2.0	120.0	157.0	132.83333333333331
left	613	352	381	5.0	114.0	164.0	133.3
right	613	120	65	0.5	116.0	128.0	119.0
right	613	290	379	2.0	120.0	157.0	132.83333333333331
left	614	352	381	3.0	123.0	156.0	134.0
right	614	120	65	0.5	116.0	128.0	119.0
right	614	290	379	2.0	120.0	157.0	132.83333333333331
left	615	352	381	3.0	123.0	156.0	134.0
right	615	121	65	1.0	121.0	137.0	121.60000000000001
right	615	290	379	3.0	112.0	143.0	124.0
left	616	352	381	3.0	123.0	156.0	134.0
right	616	121	65	1.0	121.0	137.0	121.60000000000001
right	616	290	379	3.0	112.0	143.0	124.0
left	617	352	381	3.0	123.0	156.0	134.0
right	617	121	65	1.0	121.0	137.0	121.60000000000001
right	617	290	379	3.0	112.0	143.0	124.0
left	618	352	381	3.5	119.0	155.0	134.25
right	618	121	65	1.0	121.0	137.0	121.60000000000001
right	618	290	379	3.0	112.0	143.0	124.0
left	619	352	381	3.5	119.0	155.0	134.25
right	619	121	65	1.5	124.0	139.0	124.83333333333333
right	619	290	379	4.5	115.0	168.0	139.1
left	620	352	381	3.5	119.0	155.0	134.25
right	620	121	65	1.5	124.0	139.0	124.83333333333333
right	620	290	379	4.5	115.0	168.0	139.1
left	621	352	381	3.5	119.0	155.0	134.25
right	621	121	65	1.5	124.0	139.0	124.83333333333333
right	621	290	379	4.5	115.0	168.0	139.1
left	622	352	381	3.5	116.0	155.0	129.875
right	622	290	378	4.0	115.0	149.0	129.66666666666666
left	623	352	381	3.5	116.0	155.0	129.875
right	623	290	378	4.0	115.0	149.0	129.66666666666666
left	624	352	381	3.5	116.0	155.0	129.875
right	624	290	378	4.0	115.0	149.0	129.66666666666666
left	625	351	381	1.5	124.0	151.0	132.6
right	625	290	378	4.0	115.0	149.0	129.66666666666666
left	626	351	381	1.5	124.0	151.0	132.6
right	626	120	65	1.5	113.0	134.0	120.0
right	626	289	378	2.0	123.0	147.0	128.66666666666666
left	627	351	381	1.5	124.0	151.0	132.6
right	627	120	65	1.5	113.0	134.0	120.0
right	627	289	378	2.0	123.0	147.0	128.66666666666666
left	628	351	381	1.5	124.0	151.0	132.6
right	628	120	65	1.5	113.0	134.0	120.0
right	628	289	378	2.0	123.0	147.0	128.66666666666666
right	629	120	65	1.5	113.0	134.0	120.0
right	629	289	378	2.0	123.0	147.0	128.66666666666666
right	630	121	65	1.5	112.0	152.0	127.66666666666666
right	630	289	378	1.0	116.0	127.0	118.5
right	631	121	65	1.5	112.0	152.0	127.66666666666666
right	631	289	378	1.0	116.0	127.0	118.5
right	632	121	65	1.5	112.0	152.0	127.66666666666666
right	632	289	378	1.0	116.0	127.0	118.5
right	633	121	65	1.5	112.0	152.0	127.66666666666666
right	633	289	378	1.0	116.0	127.0	118.5
right	634	290	378	1.0	114.0	141.0	122.5
right	635	290	378	1.0	114.0	141.0	122.5
right	636	290	378	1.0	114.0	141.0	122.5
left	637	467	373	0.5	112.0	120.0	113.0
left	637	351	380	2.0	117.0	165.0	130.83333333333331
right	637	290	378	1.0	113.0	141.0	121.75
left	638	467	373	0.5	112.0	120.0	113.0
left	638	351	380	2.0	117.0	165.0	130.83333333333331
right	638	290	378	1.0	113.0	141.0	121.75
left	639	467	373	0.5	112.0	120.0	113.0
left	639	351	380	2.0	117.0	165.0	130.83333333333331
right	639	290	378	1.0	113.0	141.0	121.75
left	640	350	379	5.5	113.0	166.0	135.63636363636363
right	640	120	65	1.0	116.0	149.0	124.25
right	640	290	378	1.0	113.0	141.0	121.75
left	641	350	379	5.5	113.0	166.0	135.63636363636363
right	641	120	65	1.5	115.0	159.0	126.33333333333333
right	641	288	377	1.5	113.0	140.0	130.20000000000002
left	642	350	379	5.5	113.0	166.0	135.63636363636363
right	642	120	65	1.5	115.0	159.0	126.33333333333333
right	642	288	377	1.5	113.0	140.0	130.20000000000002
left	643	350	379	5.5	113.0	166.0	135.63636363636363
right	643	120	65	1.5	115.0	159.0	126.33333333333333
right	643	288	377	1.5	113.0	140.0	130.20000000000002
left	644	349	379	3.5	121.0	163.0	136.0
right	644	120	65	1.5	115.0	159.0	126.33333333333333
right	644	288	377	1.5	113.0	140.0	130.20000000000002
left	645	349	379	3.5	121.0	163.0	136.0
right	645	120	65	2.0	113.0	150.0	125.14285714285714
right	645	288	377	2.5	120.0	156.0	133.66666666666666
left	646	349	379	3.5	121.0	163.0	136.0
right	646	120	65	2.0	113.0	150.0	125.14285714285714
right	646	288	377	2.5	120.0	156.0	133.66666666666666
left	647	349	379	3.5	121.0	163.0	136.0
right	647	120	65	2.0	113.0	150.0	125.14285714285714
right	647	288	377	2.5	120.0	156.0	133.66666666666666
left	648	349	379	5.5	114.0	166.0	133.72727272727272
right	648	120	65	2.0	113.0	150.0	125.14285714285714
right	648	288	377	2.5	120.0	156.0	133.66666666666666
left	649	349	379	5.5	114.0	166.0	133.72727272727272
right	649	121	65	1.0	113.0	133.0	123.75
right	649	287	377	1.5	112.0	145.0	123.2
left	650	349	379	5.5	114.0	166.0	133.72727272727272
right	650	121	65	1.0	113.0	133.0	123.75
right	650	287	377	1.5	112.0	145.0	123.2
left	651	349	379	5.5	114.0	166.0	133.72727272727272
right	651	121	65	1.0	113.0	133.0	123.75
right	651	287	377	1.5	112.0	145.0	123.2
left	652	350	380	2.0	115.0	150.0	130.5
right	652	288	378	0.5	115.0	123.0	115.66666666666666
right	652	336	451	1.0	114.0	255.0	249.07644305772232
left	653	350	380	2.0	115.0	150.0	130.5
right	653	288	378	0.5	115.0	123.0	115.66666666666666
right	653	336	451	1.0	114.0	255.0	249.30109204368176
left	654	350	380	2.0	115.0	150.0	130.5
right	654	288	378	0.5	115.0	123.0	115.66666666666666
right	654	336	451	1.0	114.0	255.0	249.2433697347894
left	655	350	380	2.0	115.0	150.0	130.5
right	655	288	378	0.5	115.0	123.0	115.66666666666666
right	655	336	451	1.0	114.0	255.0	249.07956318252732
left	656	351	380	0.5	113.0	138.0	121.66666666666666
left	657	351	380	0.5	113.0	138.0	121.66666666666666
left	658	351	380	0.5	113.0	138.0	121.66666666666666
left	659	351	380	0.5	122.0	159.0	139.0
left	660	351	380	0.5	122.0	159.0	139.0
right	660	120	65	0.5	115.0	144.0	128.0
right	660	289	378	0.5	113.0	137.0	119.33333333333333
left	661	351	380	0.5	122.0	159.0	139.0
right	661	120	65	0.5	115.0	144.0	128.0
right	661	289	378	0.5	113.0	137.0	119.33333333333333
left	662	351	380	0.5	122.0	159.0	139.0
right	662	120	65	0.5	115.0	144.0	128.0
right	662	289	378	0.5	113.0	137.0	119.33333333333333
left	663	351	380	1.0	114.0	138.0	122.75
right	663	120	65	0.5	115.0	144.0	128.0
right	663	289	378	0.5	113.0	137.0	119.33333333333333
left	664	351	380	1.0	114.0	138.0	122.75
left	665	351	380	1.0	114.0	138.0	122.75
left	666	351	380	1.0	114.0	138.0	122.75
right	671	120	65	1.5	113.0	128.0	117.4
right	672	120	65	1.5	113.0	128.0	117.4
right	673	120	65	1.5	113.0	128.0	117.4
right	674	120	65	1.5	113.0	128.0	117.4
right	675	121	65	1.0	115.0	140.0	120.4
right	676	121	65	1.0	115.0	140.0	120.4
right	677	121	65	1.0	115.0	140.0	120.4
right	678	121	65	1.0	115.0	140.0	120.4
right	679	120	65	0.5	115.0	137.0	120.0
right	680	120	65	0.5	115.0	137.0	120.0
right	681	120	65	0.5	115.0	137.0	120.0
right	682	120	65	2.0	114.0	140.0	121.66666666666666
right	683	120	65	2.0	114.0	140.0	121.66666666666666
right	684	120	65	2.0	114.0	140.0	121.66666666666666
right	685	120	65	2.0	114.0	140.0	121.66666666666666
right	686	120	65	2.0	114.0	135.0	119.5
right	687	120	65	2.0	114.0	135.0	119.5
right	688	120	65	2.0	114.0	135.0	119.5
right	689	120	65	2.0	112.0	129.0	116.83333333333333
right	690	120	65	1.5	113.0	138.0	122.4
right	691	120	65	1.5	113.0	138.0	122.4
right	692	120	65	1.5	113.0	138.0	122.4
left	693	348	434	1.5	113.0	152.0	125.60000000000001
right	693	120	65	1.5	113.0	138.0	122.4
left	694	348	434	1.5	113.0	152.0	125.60000000000001
right	694	120	65	1.5	113.0	126.0	113.80000000000001
right	694	287	430	3.5	116.0	170.0	132.125
left	695	348	434	1.5	113.0	152.0	125.60000000000001
right	695	120	65	1.5	113.0	126.0	113.80000000000001
right	695	287	430	3.5	116.0	170.0	132.125
left	696	348	434	1.5	113.0	152.0	125.60000000000001
right	696	120	65	1.5	113.0	126.0	113.80000000000001
right	696	287	430	3.5	116.0	170.0	132.125
left	697	348	434	2.5	113.0	158.0	127.16666666666666
right	697	121	65	1.0	113.0	135.0	117.4
right	697	287	430	1.5	128.0	148.0	134.20000000000002
left	698	348	434	2.5	113.0	158.0	127.16666666666666
right	698	121	65	1.0	113.0	135.0	117.4
right	698	287	430	1.5	128.0	148.0	134.20000000000002
left	699	348	434	2.5	113.0	158.0	127.16666666666666
right	699	121	65	1.0	113.0	135.0	117.4
right	699	287	430	1.5	128.0	148.0	134.20000000000002
left	700	347	434	2.5	112.0	151.0	125.0
right	700	121	65	1.0	113.0	135.0	117.4
right	700	287	430	1.5	128.0	148.0	134.20000000000002
left	701	347	434	2.5	112.0	151.0	125.0
right	701	573	45	1.0	113.0	130.0	113.5
right	701	121	65	1.0	112.0	133.0	115.4
right	701	287	431	5.0	113.0	151.0	124.80000000000001
left	702	347	434	2.5	112.0	151.0	125.0
right	702	573	45	1.0	113.0	130.0	113.5
right	702	121	65	1.0	112.0	133.0	115.4
right	702	287	431	5.0	113.0	151.0	124.80000000000001
left	703	347	434	2.5	112.0	151.0	125.0
right	703	573	45	1.0	113.0	130.0	113.5
right	703	121	65	1.0	112.0	133.0	115.4
right	703	287	431	5.0	113.0	151.0	124.80000000000001
left	704	348	435	2.5	114.0	152.0	122.66666666666666
right	704	573	45	1.0	113.0	130.0	113.5
right	704	121	65	1.0	112.0	133.0	115.4
right	704	287	431	5.0	113.0	151.0	124.80000000000001
left	705	348	435	2.5	114.0	152.0	122.66666666666666
right	705	120	65	1.5	126.0	147.0	129.0
right	705	286	431	2.5	113.0	140.0	120.71428571428571
left	706	348	435	2.5	114.0	152.0	122.66666666666666
right	706	120	65	1.5	126.0	147.0	129.0
right	706	286	431	2.5	113.0	140.0	120.71428571428571
left	707	348	435	2.5	114.0	152.0	122.66666666666666
right	707	120	65	1.5	126.0	147.0	129.0
right	707	286	431	2.5	113.0	140.0	120.71428571428571
right	708	120	65	1.5	126.0	147.0	129.0
right	708	286	431	2.5	113.0	140.0	120.71428571428571
left	712	527	294	0.5	111.0	113.0	110.0
left	712	347	435	3.0	113.0	149.0	123.85714285714285
right	712	120	65	0.5	113.0	121.0	112.5
left	713	527	294	0.5	111.0	113.0	110.0
left	713	347	435	3.0	113.0	149.0	123.85714285714285
right	713	120	65	0.5	113.0	121.0	112.5
left	714	527	294	0.5	111.0	113.0	110.0
left	714	347	435	3.0	113.0	149.0	123.85714285714285
right	714	120	65	0.5	113.0	121.0	112.5
left	715	527	294	0.5	111.0	113.0	110.0
left	715	347	435	3.0	113.0	149.0	123.85714285714285
right	715	120	65	0.5	113.0	121.0	112.5
right	715	286	432	1.0	112.0	144.0	123.0
left	716	347	435	2.5	112.0	154.0	137.0
right	716	121	65	1.0	114.0	136.0	121.4
left	717	347	435	2.5	112.0	154.0	137.0
right	717	121	65	1.0	114.0	136.0	121.4
left	718	347	435	2.5	112.0	154.0	137.0
right	718	121	65	1.0	114.0	136.0	121.4
left	719	347	435	2.0	140.0	145.0	138.0
right	719	121	65	1.0	114.0	136.0	121.4
left	720	347	435	2.0	140.0	145.0	138.0
right	720	120	65	0.5	123.0	141.0	126.0
left	721	347	435	2.0	140.0	145.0	138.0
right	721	120	65	0.5	123.0	141.0	126.0
left	722	347	435	2.0	140.0	145.0	138.0
right	722	120	65	0.5	123.0	141.0	126.0
left	723	347	436	3.0	112.0	158.0	128.7142857142857
right	723	120	65	0.5	123.0	141.0	126.0
left	724	347	436	3.0	112.0	158.0	128.7142857142857
right	724	286	432	1.0	113.0	127.0	116.25
left	725	347	436	3.0	112.0	158.0	128.7142857142857
right	725	286	432	1.0	113.0	127.0	116.25
left	726	347	436	3.0	112.0	158.0	128.7142857142857
right	726	286	432	1.0	113.0	127.0	116.25
left	727	526	294	0.5	111.0	122.0	113.0
left	727	347	436	1.0	113.0	135.0	119.25
right	727	120	65	2.0	114.0	134.0	116.66666666666666
right	727	286	432	1.0	116.0	123.0	115.0
left	728	526	294	0.5	111.0	122.0	113.0
left	728	347	436	1.0	113.0	135.0	119.25
right	728	120	65	2.0	114.0	134.0	116.66666666666666
right	728	286	432	1.0	116.0	123.0	115.0
left	729	526	294	0.5	111.0	122.0	113.0
left	729	347	436	1.0	113.0	135.0	119.25
right	729	120	65	2.0	114.0	134.0	116.66666666666666
right	729	286	432	1.0	116.0	123.0	115.0
left	730	347	436	2.0	114.0	157.0	125.5
right	730	120	65	2.0	114.0	134.0	116.66666666666666
right	730	286	432	1.0	116.0	123.0	115.0
left	731	347	436	2.0	114.0	157.0	125.5
right	731	120	65	1.5	114.0	137.0	120.80000000000001
right	731	286	432	1.5	116.0	133.0	121.0
left	732	347	436	2.0	114.0	157.0	125.5
right	732	120	65	1.5	114.0	137.0	120.80000000000001
right	732	286	432	1.5	116.0	133.0	121.0
left	733	347	436	2.0	114.0	157.0	125.5
right	733	120	65	1.5	114.0	137.0	120.80000000000001
right	733	286	432	1.5	116.0	133.0	121.0
left	734	346	436	1.5	125.0	157.0	131.20000000000002
right	734	120	65	1.5	114.0	137.0	120.80000000000001
right	734	286	432	1.5	116.0	133.0	121.0
left	735	346	436	1.5	125.0	157.0	131.20000000000002
right	735	121	65	1.0	114.0	137.0	123.60000000000001
left	736	346	436	1.5	125.0	157.0	131.20000000000002
right	736	121	65	1.0	114.0	137.0	123.60000000000001
left	737	346	436	1.5	125.0	157.0	131.20000000000002
right	737	121	65	1.0	114.0	137.0	123.60000000000001
left	738	346	436	2.5	115.0	158.0	134.14285714285714
right	738	121	65	1.0	114.0	137.0	123.60000000000001
left	739	346	436	2.5	115.0	158.0	134.14285714285714
right	739	121	65	1.0	119.0	130.0	123.0
left	740	346	436	2.5	115.0	158.0	134.14285714285714
right	740	121	65	1.0	119.0	130.0	123.0
left	741	346	436	2.5	115.0	158.0	134.14285714285714
right	741	121	65	1.0	119.0	130.0	123.0
left	742	347	436	4.0	113.0	131.0	119.88888888888889
right	742	120	65	2.5	113.0	142.0	125.14285714285714
right	742	286	432	1.0	115.0	131.0	117.0
left	743	347	436	4.0	113.0	131.0	119.88888888888889
right	743	120	65	2.5	113.0	142.0	125.14285714285714
right	743	286	432	1.0	115.0	131.0	117.0
left	744	347	436	4.0	113.0	131.0	119.88888888888889
right	744	120	65	2.5	113.0	142.0	125.14285714285714
right	744	286	432	1.0	115.0	131.0	117.0
right	745	120	65	2.5	113.0	142.0	125.14285714285714
right	745	286	432	1.0	115.0	131.0	117.0
right	746	120	65	2.0	117.0	141.0	122.28571428571428
right	746	286	432	1.5	114.0	130.0	114.0
right	747	120	65	2.0	117.0	141.0	122.28571428571428
right	747	286	432	1.5	114.0	130.0	114.0
right	748	120	65	2.0	117.0	141.0	122.28571428571428
right	748	286	432	1.0	116.0	130.0	117.0
left	749	347	435	2.0	119.0	133.0	122.0
right	749	120	65	2.0	117.0	141.0	122.28571428571428
right	749	286	432	1.0	116.0	130.0	117.0
left	750	347	435	2.0	119.0	133.0	122.0
right	750	120	65	1.5	121.0	135.0	124.4
right	750	286	432	1.0	112.0	136.0	118.5
left	751	347	435	2.0	119.0	133.0	122.0
right	751	120	65	1.5	121.0	135.0	124.4
right	751	286	432	1.0	112.0	136.0	118.5
left	752	347	435	2.0	119.0	133.0	122.0
right	752	120	65	1.5	121.0	135.0	124.4
right	752	286	432	1.0	112.0	136.0	119.0
left	753	347	435	4.0	114.0	149.0	127.25
right	753	120	65	1.5	121.0	135.0	124.4
right	753	286	432	1.0	112.0	136.0	119.0
left	754	347	435	4.0	114.0	149.0	127.25
right	754	285	431	0.5	116.0	122.0	114.0
left	755	347	435	4.0	114.0	149.0	127.25
right	755	285	431	0.5	116.0	122.0	114.0
left	756	347	435	4.0	114.0	149.0	127.25
right	756	285	431	0.5	116.0	122.0	114.0
right	765	121	65	2.0	120.0	140.0	126.66666666666666
right	765	337	451	1.0	111.0	255.0	249.795631825273
right	766	121	65	2.0	120.0	140.0	126.66666666666666
right	766	337	451	1.0	111.0	255.0	249.8065522620905
right	767	121	65	2.0	120.0	140.0	126.66666666666666
right	767	337	451	1.0	111.0	255.0	249.804992199688
right	768	121	65	2.0	120.0	140.0	126.66666666666666
right	768	337	451	1.0	111.0	255.0	249.82995319812792
right	769	121	65	1.0	120.0	133.0	119.80000000000001
right	770	121	65	1.0	120.0	133.0	119.80000000000001
right	771	121	65	1.0	120.0	133.0	119.80000000000001
right	772	121	65	1.0	120.0	133.0	119.80000000000001
right	773	120	65	2.5	114.0	150.0	125.85714285714285
right	774	120	65	2.5	114.0	150.0	125.85714285714285
right	775	120	65	2.5	114.0	150.0	125.85714285714285
right	784	120	65	2.0	114.0	138.0	119.5
right	785	120	65	2.0	114.0	138.0	119.5
right	786	120	65	2.0	114.0	138.0	119.5
right	787	120	65	2.0	114.0	138.0	119.5
right	788	120	65	2.0	112.0	141.0	122.0
right	789	120	65	2.0	112.0	141.0	122.0
right	790	120	65	2.0	112.0	141.0	122.0
right	791	121	65	1.0	121.0	130.0	121.4
right	792	121	65	1.0	121.0	130.0	121.4
right	793	121	65	1.0	121.0	130.0	121.4
left	794	384	100	1.0	112.0	255.0	250.2402496099844
right	794	121	65	1.0	121.0	130.0	121.4
left	795	384	100	1.0	112.0	255.0	250.2402496099844
right	795	120	65	2.0	113.0	136.0	118.83333333333333
left	796	384	100	1.0	112.0	255.0	250.2402496099844
right	796	120	65	2.0	113.0	136.0	118.83333333333333
left	797	384	100	1.0	112.0	255.0	250.2402496099844
right	797	120	65	2.0	113.0	136.0	118.83333333333333
right	798	120	65	2.0	113.0	136.0	118.83333333333333
right	799	121	65	0.5	116.0	129.0	117.33333333333333
right	800	121	65	0.5	116.0	129.0	117.33333333333333
right	801	121	65	0.5	116.0	129.0	117.33333333333333
right	802	121	65	0.5	116.0	129.0	117.33333333333333
right	803	120	65	0.5	115.0	141.0	121.75
right	804	120	65	0.5	115.0	141.0	121.75
right	805	120	65	0.5	115.0	141.0	121.75
left	809	468	375	1.0	112.0	127.0	113.25
left	810	468	375	1.0	112.0	127.0	113.25
right	810	120	65	1.5	115.0	137.0	122.0
right	810	336	451	1.0	117.0	255.0	249.36817472698908
left	811	468	375	1.0	112.0	127.0	113.25
right	811	120	65	1.5	115.0	137.0	122.0
right	811	336	451	1.0	117.0	255.0	249.36973478939157
left	812	468	375	1.0	112.0	127.0	113.25
right	812	120	65	1.5	115.0	137.0	122.0
right	812	336	451	1.0	117.0	255.0	249.36817472698908
right	813	120	65	1.5	115.0	137.0	122.0
right	813	336	451	1.0	117.0	255.0	249.36817472698908
right	814	121	65	1.0	114.0	141.0	121.2
right	815	121	65	1.0	114.0	141.0	121.2
right	816	121	65	1.0	114.0	141.0	121.2
right	817	121	65	1.0	114.0	141.0	121.2
right	818	120	65	1.0	116.0	130.0	117.75
right	819	120	65	1.0	116.0	130.0	117.75
right	820	120	65	1.0	116.0	130.0	117.75
right	821	120	65	0.5	115.0	134.0	120.0
right	822	120	65	0.5	115.0	134.0	120.0
right	823	120	65	0.5	115.0	134.0	120.0
right	824	120	65	0.5	115.0	134.0	120.0
right	825	120	65	0.5	113.0	129.0	115.5
right	826	120	65	0.5	113.0	129.0	115.5
right	827	120	65	0.5	113.0	129.0	115.5
right	828	120	65	0.5	113.0	129.0	115.5
right	829	121	65	2.0	114.0	143.0	121.66666666666666
right	830	121	65	2.0	114.0	143.0	121.66666666666666
right	831	121	65	2.0	114.0	143.0	121.66666666666666
right	832	121	65	2.0	114.0	143.0	121.66666666666666
right	833	574	44	4.5	112.0	138.0	120.0909090909091
right	833	121	65	1.0	120.0	149.0	127.80000000000001
right	834	574	44	4.5	112.0	138.0	120.0909090909091
right	834	121	65	1.0	120.0	149.0	127.80000000000001
right	835	574	44	4.5	112.0	138.0	120.0909090909091
right	835	121	65	1.0	120.0	149.0	127.80000000000001
right	836	574	44	4.5	112.0	138.0	120.0909090909091
right	836	121	65	1.0	120.0	149.0	127.80000000000001
right	837	572	45	1.5	113.0	129.0	117.5
right	838	572	45	1.5	113.0	129.0	117.5
right	839	572	45	1.5	113.0	129.0	117.5
right	844	120	65	1.0	114.0	147.0	125.60000000000001
right	845	120	65	1.0	114.0	147.0	125.60000000000001
right	846	120	65	1.0	114.0	147.0	125.60000000000001
right	847	120	65	1.0	114.0	147.0	125.60000000000001
right	848	120	65	0.5	123.0	142.0	128.5
right	849	120	65	0.5	123.0	142.0	128.5
right	850	120	65	0.5	123.0	142.0	128.5
right	851	120	65	0.5	123.0	142.0	128.5
right	852	120	65	0.5	119.0	135.0	122.0
right	853	120	65	0.5	119.0	135.0	122.0
right	854	120	65	0.5	119.0	135.0	122.0
right	855	120	65	1.5	116.0	140.0	119.80000000000001
right	856	120	65	1.5	116.0	140.0	119.80000000000001
right	857	120	65	1.5	116.0	140.0	119.80000000000001
right	858	120	65	1.5	116.0	140.0	119.80000000000001
right	859	121	65	1.0	112.0	134.0	121.4
right	860	121	65	1.0	112.0	134.0	121.4
right	861	121	65	1.0	112.0	134.0	121.4
right	862	121	65	1.0	112.0	134.0	121.4
right	863	121	65	1.0	115.0	136.0	124.0
right	864	121	65	1.0	115.0	136.0	124.0
right	865	121	65	1.0	115.0	136.0	124.0
right	866	121	65	1.0	115.0	136.0	124.0
left	870	467	374	0.5	114.0	123.0	115.33333333333333
right	870	121	65	1.0	114.0	151.0	120.5
left	871	467	374	0.5	114.0	123.0	115.33333333333333
right	871	121	65	1.0	114.0	151.0	120.5
left	872	467	374	0.5	114.0	123.0	115.33333333333333
right	872	121	65	1.0	114.0	151.0	120.5
right	873	121	65	1.0	114.0	151.0	120.5
right	874	121	65	1.0	115.0	147.0	121.60000000000001
right	875	121	65	1.0	115.0	147.0	121.60000000000001
right	876	121	65	1.0	115.0	147.0	121.60000000000001
right	877	121	65	1.0	115.0	147.0	121.60000000000001
right	878	121	65	1.0	113.0	147.0	125.60000000000001
right	879	121	65	1.0	113.0	147.0	125.60000000000001
right	880	121	65	1.0	113.0	147.0	125.60000000000001
right	881	121	65	1.0	113.0	147.0	125.60000000000001
right	882	120	65	0.5	113.0	135.0	119.75
right	883	120	65	0.5	113.0	135.0	119.75
right	884	120	65	0.5	113.0	135.0	119.75
right	885	120	65	2.5	113.0	151.0	132.28571428571428
right	886	120	65	2.5	113.0	151.0	132.28571428571428
right	887	120	65	2.5	113.0	151.0	132.28571428571428
right	888	120	65	2.5	113.0	151.0	132.28571428571428
right	889	120	65	2.0	114.0	158.0	127.66666666666666
right	889	336	451	2.0	111.0	255.0	248.85825545171338
right	890	120	65	2.0	114.0	158.0	127.66666666666666
right	890	336	451	2.0	111.0	255.0	248.85825545171338
right	891	120	65	2.0	114.0	158.0	127.66666666666666
right	891	336	451	2.0	111.0	255.0	248.85825545171338
right	892	120	65	2.0	114.0	158.0	127.66666666666666
right	892	336	451	2.0	111.0	255.0	248.85825545171338
right	893	121	65	1.0	113.0	136.0	118.60000000000001
right	894	121	65	1.0	113.0	136.0	118.60000000000001
right	895	121	65	1.0	113.0	136.0	118.60000000000001
left	896	468	374	1.0	117.0	127.0	118.75
right	896	121	65	1.0	113.0	136.0	118.60000000000001
left	897	468	374	1.0	117.0	127.0	118.75
right	897	121	65	1.5	114.0	137.0	125.0
left	898	468	374	1.0	117.0	127.0	118.75
right	898	121	65	1.5	114.0	137.0	125.0
left	899	468	374	1.0	117.0	127.0	118.75
right	899	121	65	1.5	114.0	137.0	125.0
left	900	468	375	0.5	119.0	124.0	119.33333333333333
right	900	120	64	2.5	112.0	136.0	116.14285714285714
