camera	frame	cX	cY
left	5	556	200
left	6	556	200
left	7	556	200
left	8	556	200
left	9	161	280
left	9	134	295
left	10	161	280
left	10	134	295
left	11	161	280
left	11	134	295
left	12	161	280
left	12	134	295
left	13	171	243
left	13	199	259
left	14	171	243
left	14	199	259
right	14	329	22
left	15	171	243
left	15	199	259
right	15	329	22
left	16	192	258
right	16	329	22
left	17	192	258
right	17	329	22
left	18	192	258
right	18	312	25
left	19	192	258
right	19	312	25
right	20	312	25
right	21	305	26
right	22	305	26
right	23	305	26
right	24	305	26
right	25	296	29
right	26	296	29
right	27	296	29
right	28	296	29
right	29	133	430
right	30	133	430
right	31	133	430
right	32	133	430
right	33	171	370
right	33	131	436
right	34	171	370
right	34	131	436
right	35	171	370
right	35	131	436
right	36	224	53
right	37	224	53
right	38	224	53
right	39	224	53
right	40	221	51
right	41	221	51
right	42	221	51
right	43	221	51
right	44	217	49
right	45	217	49
right	46	217	49
left	58	111	61
left	59	111	61
right	59	249	76
left	60	111	61
right	60	249	76
left	61	111	61
right	61	249	76
left	62	111	62
right	62	249	76
left	63	111	62
right	63	254	71
left	64	111	62
right	64	254	71
left	65	113	63
right	65	254	71
left	66	113	63
right	66	259	69
left	67	113	63
right	67	259	69
left	68	113	63
right	68	259	69
right	69	259	69
left	77	101	146
left	77	557	200
left	78	101	146
left	78	557	200
right	78	284	135
left	79	101	146
left	79	557	200
right	79	284	135
left	80	95	148
left	80	558	200
right	80	284	135
left	81	95	148
left	81	558	200
right	81	290	136
left	82	95	148
left	82	558	200
right	82	290	136
left	83	95	148
left	83	558	200
right	83	290	136
right	84	290	136
right	85	297	137
right	86	297	137
right	87	297	137
right	88	297	137
left	92	499	204
left	93	499	204
left	94	499	204
left	95	556	200
left	95	496	204
left	95	63	210
left	96	556	200
left	96	496	204
left	96	63	210
right	96	276	242
left	97	556	200
left	97	496	204
left	97	63	210
right	97	276	242
left	98	556	200
left	98	496	204
left	98	63	210
right	98	276	242
left	99	486	207
left	99	59	209
right	99	276	242
left	100	486	207
left	100	59	209
right	100	267	243
left	101	486	207
left	101	59	209
right	101	267	243
left	102	486	207
left	102	59	209
right	102	267	243
left	103	472	210
left	103	172	256
left	103	197	265
right	103	267	243
left	104	472	210
left	104	172	256
left	104	197	265
left	105	472	210
left	105	172	256
left	105	197	265
left	106	472	210
left	106	172	256
left	106	197	265
left	107	461	210
left	108	461	210
left	109	461	210
left	110	452	204
left	111	452	204
right	111	634	382
left	112	452	204
right	112	634	382
left	113	452	204
right	113	634	382
left	114	451	196
left	114	52	252
right	114	634	382
left	115	451	196
left	115	52	252
right	115	204	321
right	115	631	382
left	116	451	196
left	116	52	252
right	116	204	321
right	116	631	382
left	117	451	196
left	117	52	252
right	117	204	321
right	117	631	382
left	118	453	196
left	118	555	200
left	118	53	252
right	118	204	321
right	118	631	382
left	119	453	196
left	119	555	200
left	119	53	252
right	119	197	318
left	120	453	196
left	120	555	200
left	120	53	252
right	120	197	318
left	121	453	196
left	121	555	200
left	121	53	252
right	121	197	318
left	122	557	200
left	122	454	203
right	122	197	318
left	123	557	200
left	123	454	203
right	123	594	386
left	124	557	200
left	124	454	203
right	124	594	386
left	125	556	200
left	125	454	209
right	125	594	386
left	126	556	200
left	126	454	209
right	126	577	383
left	127	556	200
left	127	454	209
right	127	577	383
left	128	556	200
left	128	454	209
right	128	577	383
left	129	452	212
right	129	577	383
left	130	452	212
right	130	171	374
left	131	452	212
right	131	171	374
left	132	452	212
right	132	171	374
left	133	61	314
right	133	171	374
left	134	61	314
right	134	563	364
right	134	174	376
left	135	61	314
right	135	563	364
right	135	174	376
left	136	61	314
right	136	563	364
right	136	174	376
left	137	448	209
right	137	563	364
right	137	174	376
left	138	448	209
right	138	567	365
right	138	175	376
left	139	448	209
right	139	567	365
right	139	175	376
left	140	448	209
right	140	567	365
right	140	175	376
right	141	567	365
right	141	175	376
left	152	58	360
left	153	58	360
right	153	187	467
left	154	58	360
right	154	187	467
right	155	187	467
right	156	187	467
left	171	44	379
left	172	44	379
left	173	44	379
