	camera	frame	cX	cY	area	minI	maxI	meanI	pulse
37	left	1	361	94	5.0	109.0	148.0	130.4	p1
22	left	2	361	93	3.0	115.0	145.0	127.42857142857142	p1
23	left	3	361	93	3.0	115.0	145.0	127.42857142857142	p1
24	left	4	361	93	3.0	115.0	145.0	127.42857142857142	p1
25	left	5	361	93	3.0	115.0	145.0	127.42857142857142	p1
38	left	6	361	94	6.0	109.0	150.0	121.75	p1
39	left	7	361	94	6.0	109.0	150.0	121.75	p1
40	left	8	361	94	6.0	109.0	150.0	121.75	p1
41	left	9	361	94	6.0	109.0	150.0	121.75	p1
42	left	10	361	94	3.0	108.0	133.0	116.28571428571428	p1
43	left	11	361	94	3.0	108.0	133.0	116.28571428571428	p1
44	left	12	361	94	3.0	108.0	133.0	116.28571428571428	p1
45	left	13	361	94	3.0	108.0	133.0	116.28571428571428	p1
26	left	14	360	94	5.5	124.0	159.0	136.72727272727272	p1
27	left	15	360	94	5.5	124.0	159.0	136.72727272727272	p1
28	left	16	360	94	5.5	124.0	159.0	136.72727272727272	p1
29	left	17	360	94	4.5	109.0	141.0	122.3	p1
30	left	18	360	94	4.5	109.0	141.0	122.3	p1
31	left	19	360	94	4.5	109.0	141.0	122.3	p1
32	left	20	360	94	4.5	109.0	141.0	122.3	p1
33	left	21	360	94	5.5	109.0	147.0	128.54545454545456	p1
34	left	22	360	94	5.5	109.0	147.0	128.54545454545456	p1
35	left	23	360	94	5.5	109.0	147.0	128.54545454545456	p1
36	left	24	360	94	5.5	109.0	147.0	128.54545454545456	p1
0	left	25	360	93	2.5	114.0	147.0	125.14285714285714	p1
1	left	26	360	93	2.5	114.0	147.0	125.14285714285714	p1
2	left	27	360	93	2.5	114.0	147.0	125.14285714285714	p1
3	left	28	360	93	2.5	114.0	147.0	125.14285714285714	p1
4	left	29	360	93	2.0	116.0	137.0	124.33333333333331	p1
5	left	30	360	93	2.0	116.0	137.0	124.33333333333331	p1
6	left	31	360	93	2.0	116.0	137.0	124.33333333333331	p1
7	left	32	360	93	3.5	109.0	140.0	121.0	p1
8	left	33	360	93	3.5	109.0	140.0	121.0	p1
9	left	34	360	93	3.5	109.0	140.0	121.0	p1
10	left	35	360	93	3.5	109.0	140.0	121.0	p1
11	left	36	360	93	3.5	112.0	151.0	128.5	p1
12	left	37	360	93	3.5	112.0	151.0	128.5	p1
13	left	38	360	93	3.5	112.0	151.0	128.5	p1
14	left	39	360	93	3.5	112.0	151.0	128.5	p1
15	left	40	360	93	3.5	110.0	152.0	129.5	p1
16	left	41	360	93	3.5	110.0	152.0	129.5	p1
17	left	42	360	93	3.5	110.0	152.0	129.5	p1
18	left	43	360	93	3.5	110.0	152.0	129.5	p1
19	left	44	360	93	2.0	120.0	134.0	125.0	p1
20	left	45	360	93	2.0	120.0	134.0	125.0	p1
21	left	46	360	93	2.0	120.0	134.0	125.0	p1
564	right	577	290	379	2.5	120.0	147.0	127.85714285714285	p10
565	right	578	290	379	2.5	120.0	147.0	127.85714285714285	p10
566	right	579	290	379	2.5	120.0	147.0	127.85714285714285	p10
567	right	580	290	379	2.5	120.0	147.0	127.85714285714285	p10
568	right	581	290	379	2.5	113.0	155.0	133.42857142857142	p10
569	right	582	290	379	2.5	113.0	155.0	133.42857142857142	p10
570	right	583	290	379	2.5	113.0	155.0	133.42857142857142	p10
571	right	584	290	379	2.5	113.0	155.0	133.42857142857142	p10
575	right	585	291	379	2.0	109.0	162.0	130.0	p10
576	right	586	291	379	2.0	109.0	162.0	130.0	p10
577	right	587	291	379	2.0	109.0	162.0	130.0	p10
578	right	588	291	379	2.0	109.0	162.0	130.0	p10
572	right	589	290	379	1.5	113.0	159.0	125.8	p10
573	right	590	290	379	1.5	113.0	159.0	125.8	p10
574	right	591	290	379	1.5	113.0	159.0	125.8	p10
579	right	592	291	380	1.0	108.0	166.0	131.5	p10
580	right	593	291	380	1.0	108.0	166.0	131.5	p10
581	right	594	291	380	1.0	108.0	166.0	131.5	p10
582	right	595	291	380	1.0	108.0	166.0	131.5	p10
625	right	600	290	379	1.0	115.0	155.0	129.75	p10
626	right	601	290	379	1.0	115.0	155.0	129.75	p10
627	right	602	290	379	1.0	115.0	155.0	129.75	p10
628	right	603	290	379	1.0	115.0	155.0	129.75	p10
629	right	604	290	379	1.5	112.0	135.0	118.0	p10
630	right	605	290	379	1.5	112.0	135.0	118.0	p10
631	right	606	290	379	1.5	112.0	135.0	118.0	p10
632	right	607	290	379	2.0	114.0	158.0	131.16666666666666	p10
633	right	608	290	379	2.0	114.0	158.0	131.16666666666666	p10
634	right	609	290	379	2.0	114.0	158.0	131.16666666666666	p10
635	right	610	290	379	2.0	114.0	158.0	131.16666666666666	p10
636	right	611	290	379	2.0	116.0	162.0	135.83333333333331	p10
637	right	612	290	379	2.0	116.0	162.0	135.83333333333331	p10
638	right	613	290	379	2.0	116.0	162.0	135.83333333333331	p10
639	right	614	290	379	2.0	116.0	162.0	135.83333333333331	p10
621	right	615	289	379	5.0	110.0	148.0	123.1	p10
622	right	616	289	379	5.0	110.0	148.0	123.1	p10
623	right	617	289	379	5.0	110.0	148.0	123.1	p10
624	right	618	289	379	5.0	110.0	148.0	123.1	p10
640	right	619	290	379	4.5	112.0	165.0	136.9	p10
641	right	620	290	379	4.5	112.0	165.0	136.9	p10
642	right	621	290	379	4.5	112.0	165.0	136.9	p10
598	right	622	289	378	4.5	108.0	150.0	127.7	p10
599	right	623	289	378	4.5	108.0	150.0	127.7	p10
600	right	624	289	378	4.5	108.0	150.0	127.7	p10
601	right	625	289	378	4.5	108.0	150.0	127.7	p10
602	right	626	289	378	3.5	108.0	147.0	122.0	p10
603	right	627	289	378	3.5	108.0	147.0	122.0	p10
604	right	628	289	378	3.5	108.0	147.0	122.0	p10
605	right	629	289	378	3.5	108.0	147.0	122.0	p10
606	right	630	289	378	1.0	115.0	128.0	120.75	p10
607	right	631	289	378	1.0	115.0	128.0	120.75	p10
608	right	632	289	378	1.0	115.0	128.0	120.75	p10
609	right	633	289	378	1.0	115.0	128.0	120.75	p10
614	right	634	290	378	1.0	115.0	133.0	120.0	p10
615	right	635	290	378	1.0	115.0	133.0	120.0	p10
616	right	636	290	378	1.0	115.0	133.0	120.0	p10
617	right	637	290	378	1.0	112.0	140.0	121.25	p10
618	right	638	290	378	1.0	112.0	140.0	121.25	p10
619	right	639	290	378	1.0	112.0	140.0	121.25	p10
620	right	640	290	378	1.0	112.0	140.0	121.25	p10
590	right	641	288	377	1.0	131.0	143.0	137.0	p10
591	right	642	288	377	1.0	131.0	143.0	137.0	p10
592	right	643	288	377	1.0	131.0	143.0	137.0	p10
593	right	644	288	377	1.0	131.0	143.0	137.0	p10
583	right	645	288	376	3.0	114.0	155.0	130.28571428571428	p10
584	right	646	288	376	3.0	114.0	155.0	130.28571428571428	p10
585	right	647	288	376	3.0	114.0	155.0	130.28571428571428	p10
586	right	648	288	376	3.0	114.0	155.0	130.28571428571428	p10
587	right	649	287	377	1.5	108.0	141.0	121.8	p10
588	right	650	287	377	1.5	108.0	141.0	121.8	p10
589	right	651	287	377	1.5	108.0	141.0	121.8	p10
594	right	652	288	378	0.5	119.0	130.0	118.66666666666666	p10
595	right	653	288	378	0.5	119.0	130.0	118.66666666666666	p10
596	right	654	288	378	0.5	119.0	130.0	118.66666666666666	p10
597	right	655	288	378	0.5	119.0	130.0	118.66666666666666	p10
610	right	656	289	378	0.5	108.0	133.0	119.0	p10
611	right	657	289	378	0.5	108.0	133.0	119.0	p10
612	right	658	289	378	0.5	108.0	133.0	119.0	p10
613	right	659	289	378	0.5	108.0	133.0	119.0	p10
643	right	694	287	430	5.5	109.0	159.0	126.1818181818182	p11
644	right	695	287	430	5.5	109.0	159.0	126.1818181818182	p11
645	right	696	287	430	5.5	109.0	159.0	126.1818181818182	p11
646	right	697	287	430	2.5	109.0	150.0	128.42857142857142	p11
647	right	698	287	430	2.5	109.0	150.0	128.42857142857142	p11
648	right	699	287	430	2.5	109.0	150.0	128.42857142857142	p11
649	right	700	287	430	2.5	109.0	150.0	128.42857142857142	p11
654	right	701	287	431	5.0	110.0	149.0	124.1	p11
655	right	702	287	431	5.0	110.0	149.0	124.1	p11
656	right	703	287	431	5.0	110.0	149.0	124.1	p11
657	right	704	287	431	5.0	110.0	149.0	124.1	p11
650	right	705	286	431	2.5	119.0	138.0	121.71428571428572	p11
651	right	706	286	431	2.5	119.0	138.0	121.71428571428572	p11
652	right	707	286	431	2.5	119.0	138.0	121.71428571428572	p11
653	right	708	286	431	2.5	119.0	138.0	121.71428571428572	p11
658	right	724	286	432	1.0	120.0	135.0	122.5	p11
659	right	725	286	432	1.0	120.0	135.0	122.5	p11
660	right	726	286	432	1.0	120.0	135.0	122.5	p11
661	right	727	286	432	1.0	113.0	124.0	112.25	p11
662	right	728	286	432	1.0	113.0	124.0	112.25	p11
663	right	729	286	432	1.0	113.0	124.0	112.25	p11
664	right	730	286	432	1.0	113.0	124.0	112.25	p11
665	right	731	286	432	1.5	113.0	131.0	120.4	p11
666	right	732	286	432	1.5	113.0	131.0	120.4	p11
667	right	733	286	432	1.5	113.0	131.0	120.4	p11
668	right	734	286	432	1.5	113.0	131.0	120.4	p11
669	right	735	286	432	0.5	108.0	124.0	110.0	p11
670	right	736	286	432	0.5	108.0	124.0	110.0	p11
671	right	737	286	432	0.5	108.0	124.0	110.0	p11
672	right	738	286	432	0.5	108.0	124.0	110.0	p11
673	right	742	286	432	1.0	115.0	134.0	119.5	p11
674	right	743	286	432	1.0	115.0	134.0	119.5	p11
675	right	744	286	432	1.0	115.0	134.0	119.5	p11
676	right	745	286	432	1.0	115.0	134.0	119.5	p11
677	right	746	286	432	1.0	112.0	136.0	118.75	p11
678	right	747	286	432	1.0	112.0	136.0	118.75	p11
679	right	748	286	432	1.0	112.0	136.0	118.75	p11
680	right	749	286	432	1.0	112.0	136.0	118.75	p11
681	right	754	285	431	1.0	110.0	124.0	111.0	p11
682	right	755	285	431	1.0	110.0	124.0	111.0	p11
683	right	756	285	431	1.0	110.0	124.0	111.0	p11
684	right	765	337	451	1.0	109.0	124.0	110.75	p12
685	right	766	337	451	1.0	109.0	124.0	110.75	p12
686	right	767	337	451	1.0	109.0	124.0	110.75	p12
687	right	768	337	451	1.0	109.0	124.0	110.75	p12
758	left	209	360	212	2.0	133.0	163.0	141.83333333333331	p13
759	left	210	360	212	2.0	133.0	163.0	141.83333333333331	p13
760	left	211	360	212	2.0	133.0	163.0	141.83333333333331	p13
761	left	212	360	212	2.0	133.0	163.0	141.83333333333331	p13
688	left	213	359	211	3.0	110.0	154.0	126.85714285714285	p13
689	left	214	359	211	3.0	110.0	154.0	126.85714285714285	p13
690	left	215	359	211	3.0	110.0	154.0	126.85714285714285	p13
702	left	216	359	212	3.5	114.0	173.0	131.125	p13
703	left	217	359	212	3.5	114.0	173.0	131.125	p13
704	left	218	359	212	3.5	114.0	173.0	131.125	p13
705	left	219	359	212	3.5	114.0	173.0	131.125	p13
706	left	220	359	212	3.5	109.0	164.0	132.875	p13
707	left	221	359	212	3.5	109.0	164.0	132.875	p13
708	left	222	359	212	3.5	109.0	164.0	132.875	p13
709	left	223	359	212	3.5	109.0	164.0	132.875	p13
762	left	224	360	212	3.0	115.0	173.0	134.14285714285714	p13
763	left	225	360	212	3.0	115.0	173.0	134.14285714285714	p13
764	left	226	360	212	3.0	115.0	173.0	134.14285714285714	p13
765	left	227	360	212	3.0	115.0	173.0	134.14285714285714	p13
710	left	228	359	212	3.5	108.0	173.0	135.0	p13
711	left	229	359	212	3.5	108.0	173.0	135.0	p13
712	left	230	359	212	3.5	108.0	173.0	135.0	p13
766	left	231	360	212	3.0	117.0	164.0	134.0	p13
767	left	232	360	212	3.0	117.0	164.0	134.0	p13
768	left	233	360	212	3.0	117.0	164.0	134.0	p13
769	left	234	360	212	3.0	117.0	164.0	134.0	p13
713	left	235	359	212	5.0	108.0	182.0	130.9	p13
714	left	236	359	212	5.0	108.0	182.0	130.9	p13
715	left	237	359	212	5.0	108.0	182.0	130.9	p13
716	left	238	359	212	5.0	108.0	182.0	130.9	p13
717	left	239	359	212	2.5	116.0	154.0	132.5	p13
718	left	240	359	212	2.5	116.0	154.0	132.5	p13
719	left	241	359	212	2.5	116.0	154.0	132.5	p13
720	left	242	359	212	2.5	116.0	154.0	132.5	p13
721	left	243	359	212	4.5	110.0	154.0	125.33333333333331	p13
722	left	244	359	212	4.5	110.0	154.0	125.33333333333331	p13
723	left	245	359	212	4.5	110.0	154.0	125.33333333333331	p13
691	left	246	359	211	4.0	109.0	164.0	129.0	p13
692	left	247	359	211	4.0	109.0	164.0	129.0	p13
693	left	248	359	211	4.0	109.0	164.0	129.0	p13
694	left	249	359	211	4.0	109.0	164.0	129.0	p13
724	left	250	359	212	3.5	114.0	171.0	140.125	p13
725	left	251	359	212	3.5	114.0	171.0	140.125	p13
726	left	252	359	212	3.5	114.0	171.0	140.125	p13
727	left	253	359	212	3.5	114.0	171.0	140.125	p13
695	left	254	359	211	2.0	108.0	165.0	134.5	p13
696	left	255	359	211	2.0	108.0	165.0	134.5	p13
697	left	256	359	211	2.0	108.0	165.0	134.5	p13
698	left	257	359	211	2.0	108.0	165.0	134.5	p13
699	left	258	359	211	3.0	113.0	166.0	131.7142857142857	p13
700	left	259	359	211	3.0	113.0	166.0	131.7142857142857	p13
701	left	260	359	211	3.0	113.0	166.0	131.7142857142857	p13
728	left	261	359	212	4.0	112.0	157.0	128.5	p13
729	left	262	359	212	4.0	112.0	157.0	128.5	p13
730	left	263	359	212	4.0	112.0	157.0	128.5	p13
731	left	264	359	212	4.0	112.0	157.0	128.5	p13
732	left	265	359	212	4.0	110.0	161.0	127.55555555555554	p13
733	left	266	359	212	4.0	110.0	161.0	127.55555555555554	p13
734	left	267	359	212	4.0	110.0	161.0	127.55555555555554	p13
735	left	268	359	212	4.0	110.0	161.0	127.55555555555554	p13
736	left	269	359	212	3.5	109.0	168.0	130.125	p13
737	left	270	359	212	3.5	109.0	168.0	130.125	p13
738	left	271	359	212	3.5	109.0	168.0	130.125	p13
739	left	272	359	212	3.5	109.0	168.0	130.125	p13
740	left	273	359	212	1.0	136.0	152.0	142.5	p13
741	left	274	359	212	1.0	136.0	152.0	142.5	p13
742	left	275	359	212	1.0	136.0	152.0	142.5	p13
743	left	276	359	212	1.5	109.0	162.0	140.0	p13
744	left	277	359	212	1.5	109.0	162.0	140.0	p13
745	left	278	359	212	1.5	109.0	162.0	140.0	p13
746	left	279	359	212	1.5	109.0	162.0	140.0	p13
747	left	280	359	212	3.5	114.0	156.0	130.125	p13
748	left	281	359	212	3.5	114.0	156.0	130.125	p13
749	left	282	359	212	3.5	114.0	156.0	130.125	p13
750	left	283	359	212	3.5	114.0	156.0	130.125	p13
751	left	284	359	212	5.0	114.0	158.0	127.9	p13
752	left	285	359	212	5.0	114.0	158.0	127.9	p13
753	left	286	359	212	5.0	114.0	158.0	127.9	p13
754	left	287	359	212	5.0	114.0	158.0	127.9	p13
755	left	288	359	212	3.5	109.0	159.0	129.625	p13
756	left	289	359	212	3.5	109.0	159.0	129.625	p13
757	left	290	359	212	3.5	109.0	159.0	129.625	p13
770	left	329	358	269	1.0	108.0	128.0	116.5	p14
771	left	330	358	269	1.0	108.0	128.0	116.5	p14
772	left	331	358	269	1.0	108.0	128.0	116.5	p14
773	left	332	358	269	1.0	108.0	128.0	116.5	p14
774	left	333	358	269	2.5	114.0	162.0	126.5	p14
775	left	334	358	269	2.5	114.0	162.0	126.5	p14
776	left	335	358	269	2.5	114.0	162.0	126.5	p14
777	left	336	358	269	2.5	114.0	162.0	126.5	p14
778	left	337	358	269	2.0	112.0	136.0	117.33333333333331	p14
779	left	338	358	269	2.0	112.0	136.0	117.33333333333331	p14
780	left	339	358	269	2.0	112.0	136.0	117.33333333333331	p14
781	left	340	358	269	2.0	108.0	154.0	129.0	p14
782	left	341	358	269	2.0	108.0	154.0	129.0	p14
783	left	342	358	269	2.0	108.0	154.0	129.0	p14
784	left	343	358	269	2.0	108.0	154.0	129.0	p14
785	left	344	358	269	1.0	122.0	134.0	126.0	p14
786	left	345	358	269	1.0	122.0	134.0	126.0	p14
787	left	346	358	269	1.0	122.0	134.0	126.0	p14
788	left	347	358	269	1.0	122.0	134.0	126.0	p14
796	left	348	358	270	1.5	109.0	142.0	121.4	p14
797	left	349	358	270	1.5	109.0	142.0	121.4	p14
798	left	350	358	270	1.5	109.0	142.0	121.4	p14
799	left	351	358	270	1.5	109.0	142.0	121.4	p14
789	left	352	358	269	2.0	110.0	145.0	123.83333333333331	p14
790	left	353	358	269	2.0	110.0	145.0	123.83333333333331	p14
791	left	354	358	269	2.0	110.0	145.0	123.83333333333331	p14
792	left	355	358	269	2.5	113.0	158.0	128.33333333333331	p14
793	left	356	358	269	2.5	113.0	158.0	128.33333333333331	p14
794	left	357	358	269	2.5	113.0	158.0	128.33333333333331	p14
795	left	358	358	269	2.5	113.0	158.0	128.33333333333331	p14
804	left	359	358	270	2.5	115.0	147.0	122.33333333333331	p14
805	left	360	358	270	2.5	115.0	147.0	122.33333333333331	p14
806	left	361	358	270	2.5	115.0	147.0	122.33333333333331	p14
807	left	362	358	270	2.5	115.0	147.0	122.33333333333331	p14
800	left	363	358	269	2.0	109.0	154.0	126.66666666666666	p14
801	left	364	358	269	2.0	109.0	154.0	126.66666666666666	p14
802	left	365	358	269	2.0	109.0	154.0	126.66666666666666	p14
803	left	366	358	269	2.0	109.0	154.0	126.66666666666666	p14
808	left	359	357	326	0.5	119.0	133.0	121.33333333333331	p15
809	left	360	357	326	0.5	119.0	133.0	121.33333333333331	p15
810	left	361	357	326	0.5	119.0	133.0	121.33333333333331	p15
811	left	362	357	326	0.5	119.0	133.0	121.33333333333331	p15
812	left	367	358	269	3.5	109.0	164.0	127.375	p16
813	left	368	358	269	3.5	109.0	164.0	127.375	p16
814	left	369	358	269	3.5	109.0	164.0	127.375	p16
815	left	370	358	269	3.0	115.0	144.0	121.42857142857142	p16
816	left	371	358	269	3.0	115.0	144.0	121.42857142857142	p16
817	left	372	358	269	3.0	115.0	144.0	121.42857142857142	p16
818	left	373	358	269	3.0	115.0	144.0	121.42857142857142	p16
819	left	367	357	326	1.0	112.0	134.0	119.25	p17
820	left	368	357	326	1.0	112.0	134.0	119.25	p17
821	left	369	357	326	1.0	112.0	134.0	119.25	p17
833	left	374	358	269	1.5	108.0	143.0	120.0	p18
834	left	375	358	269	1.5	108.0	143.0	120.0	p18
835	left	376	358	269	1.5	108.0	143.0	120.0	p18
836	left	377	358	269	1.5	108.0	143.0	120.0	p18
837	left	378	358	269	2.5	109.0	159.0	127.5	p18
838	left	379	358	269	2.5	109.0	159.0	127.5	p18
839	left	380	358	269	2.5	109.0	159.0	127.5	p18
840	left	381	358	269	2.5	109.0	159.0	127.5	p18
822	left	382	357	269	1.5	108.0	154.0	127.6	p18
823	left	383	357	269	1.5	108.0	154.0	127.6	p18
824	left	384	357	269	1.5	108.0	154.0	127.6	p18
825	left	385	357	269	1.5	110.0	157.0	126.4	p18
826	left	386	357	269	1.5	110.0	157.0	126.4	p18
827	left	387	357	269	1.5	110.0	157.0	126.4	p18
828	left	388	357	269	1.5	110.0	157.0	126.4	p18
829	left	389	357	269	2.5	109.0	148.0	126.33333333333331	p18
830	left	390	357	269	2.5	109.0	148.0	126.33333333333331	p18
831	left	391	357	269	2.5	109.0	148.0	126.33333333333331	p18
832	left	392	357	269	2.5	109.0	148.0	126.33333333333331	p18
841	left	393	358	269	3.0	116.0	162.0	129.0	p18
842	left	394	358	269	3.0	116.0	162.0	129.0	p18
843	left	395	358	269	3.0	116.0	162.0	129.0	p18
844	left	396	358	269	3.0	116.0	162.0	129.0	p18
845	left	397	358	269	4.0	112.0	152.0	122.88888888888889	p18
846	left	398	358	269	4.0	112.0	152.0	122.88888888888889	p18
847	left	399	358	269	4.0	112.0	152.0	122.88888888888889	p18
856	left	400	358	270	3.0	108.0	147.0	119.71428571428572	p18
857	left	401	358	270	3.0	108.0	147.0	119.71428571428572	p18
858	left	402	358	270	3.0	108.0	147.0	119.71428571428572	p18
859	left	403	358	270	3.0	108.0	147.0	119.71428571428572	p18
848	left	404	358	269	2.5	116.0	161.0	126.66666666666666	p18
849	left	405	358	269	2.5	116.0	161.0	126.66666666666666	p18
850	left	406	358	269	2.5	116.0	161.0	126.66666666666666	p18
851	left	407	358	269	2.5	116.0	161.0	126.66666666666666	p18
852	left	408	358	269	3.0	109.0	155.0	121.42857142857142	p18
853	left	409	358	269	3.0	109.0	155.0	121.42857142857142	p18
854	left	410	358	269	3.0	109.0	155.0	121.42857142857142	p18
855	left	411	358	269	3.0	109.0	155.0	121.42857142857142	p18
860	left	374	357	326	1.0	112.0	124.0	114.5	p19
861	left	375	357	326	1.0	112.0	124.0	114.5	p19
862	left	376	357	326	1.0	112.0	124.0	114.5	p19
863	left	377	357	326	1.0	112.0	124.0	114.5	p19
864	left	385	357	326	1.0	110.0	127.0	114.5	p19
865	left	386	357	326	1.0	110.0	127.0	114.5	p19
866	left	387	357	326	1.0	110.0	127.0	114.5	p19
867	left	388	357	326	1.0	110.0	127.0	114.5	p19
886	left	453	356	326	0.5	117.0	124.0	117.0	p19
887	left	454	356	326	0.5	117.0	124.0	117.0	p19
888	left	455	356	326	0.5	117.0	124.0	117.0	p19
889	left	456	356	326	0.5	117.0	124.0	117.0	p19
868	left	457	356	325	3.0	110.0	140.0	128.14285714285714	p19
869	left	458	356	325	3.0	110.0	140.0	128.14285714285714	p19
870	left	459	356	325	3.0	110.0	140.0	128.14285714285714	p19
890	left	460	356	326	1.5	117.0	141.0	123.6	p19
891	left	461	356	326	1.5	117.0	141.0	123.6	p19
892	left	462	356	326	1.5	117.0	141.0	123.6	p19
893	left	463	356	326	1.5	117.0	141.0	123.6	p19
894	left	464	356	326	1.5	109.0	142.0	128.0	p19
895	left	465	356	326	1.5	109.0	142.0	128.0	p19
896	left	466	356	326	1.5	109.0	142.0	128.0	p19
897	left	467	356	326	1.5	109.0	142.0	128.0	p19
898	left	468	356	326	3.0	109.0	147.0	126.28571428571428	p19
899	left	469	356	326	3.0	109.0	147.0	126.28571428571428	p19
900	left	470	356	326	3.0	109.0	147.0	126.28571428571428	p19
901	left	471	356	326	3.0	109.0	147.0	126.28571428571428	p19
902	left	472	356	326	1.0	122.0	152.0	135.0	p19
903	left	473	356	326	1.0	122.0	152.0	135.0	p19
904	left	474	356	326	1.0	122.0	152.0	135.0	p19
905	left	475	356	326	3.0	109.0	155.0	131.28571428571428	p19
906	left	476	356	326	3.0	109.0	155.0	131.28571428571428	p19
907	left	477	356	326	3.0	109.0	155.0	131.28571428571428	p19
908	left	478	356	326	3.0	109.0	155.0	131.28571428571428	p19
909	left	479	356	326	2.5	114.0	162.0	131.57142857142856	p19
910	left	480	356	326	2.5	114.0	162.0	131.57142857142856	p19
911	left	481	356	326	2.5	114.0	162.0	131.57142857142856	p19
912	left	482	356	326	2.5	114.0	162.0	131.57142857142856	p19
913	left	483	356	326	3.0	110.0	155.0	128.14285714285714	p19
914	left	484	356	326	3.0	110.0	155.0	128.14285714285714	p19
915	left	485	356	326	3.0	110.0	155.0	128.14285714285714	p19
916	left	486	356	326	3.0	110.0	155.0	128.14285714285714	p19
917	left	487	356	326	1.5	109.0	159.0	142.8	p19
918	left	488	356	326	1.5	109.0	159.0	142.8	p19
919	left	489	356	326	1.5	109.0	159.0	142.8	p19
920	left	490	356	326	1.5	109.0	134.0	119.4	p19
921	left	491	356	326	1.5	109.0	134.0	119.4	p19
922	left	492	356	326	1.5	109.0	134.0	119.4	p19
923	left	493	356	326	1.5	109.0	134.0	119.4	p19
924	left	494	356	326	1.5	110.0	128.0	113.8	p19
925	left	495	356	326	1.5	110.0	128.0	113.8	p19
926	left	496	356	326	1.5	110.0	128.0	113.8	p19
927	left	497	356	326	1.5	110.0	128.0	113.8	p19
928	left	498	356	326	2.0	115.0	141.0	121.33333333333331	p19
929	left	499	356	326	2.0	115.0	141.0	121.33333333333331	p19
930	left	500	356	326	2.0	115.0	141.0	121.33333333333331	p19
931	left	501	356	326	2.0	114.0	140.0	120.16666666666666	p19
932	left	502	356	326	2.5	108.0	165.0	131.5	p19
933	left	503	356	326	2.5	108.0	165.0	131.5	p19
934	left	504	356	326	2.5	108.0	165.0	131.5	p19
935	left	505	356	326	2.0	117.0	138.0	123.83333333333331	p19
936	left	506	356	326	2.0	117.0	138.0	123.83333333333331	p19
937	left	507	356	326	2.0	117.0	138.0	123.83333333333331	p19
938	left	508	356	326	2.0	117.0	138.0	123.83333333333331	p19
939	left	509	356	326	1.0	110.0	145.0	123.25	p19
940	left	510	356	326	1.0	110.0	145.0	123.25	p19
941	left	511	356	326	1.0	110.0	145.0	123.25	p19
942	left	512	356	326	1.0	110.0	145.0	123.25	p19
943	left	513	356	326	0.5	109.0	135.0	120.0	p19
944	left	514	356	326	0.5	109.0	135.0	120.0	p19
945	left	515	356	326	0.5	109.0	135.0	120.0	p19
946	left	516	356	326	0.5	109.0	135.0	120.0	p19
871	left	517	355	326	1.0	129.0	145.0	134.25	p19
872	left	518	355	326	1.0	129.0	145.0	134.25	p19
873	left	519	355	326	1.0	129.0	145.0	134.25	p19
874	left	520	355	326	3.5	110.0	147.0	120.875	p19
875	left	521	355	326	3.5	110.0	147.0	120.875	p19
876	left	522	355	326	3.5	110.0	147.0	120.875	p19
877	left	523	355	326	3.5	110.0	147.0	120.875	p19
878	left	524	355	326	2.0	115.0	145.0	126.83333333333331	p19
879	left	525	355	326	2.0	115.0	145.0	126.83333333333331	p19
880	left	526	355	326	2.0	115.0	145.0	126.83333333333331	p19
881	left	527	355	326	2.0	115.0	145.0	126.83333333333331	p19
947	left	528	356	326	1.0	126.0	144.0	131.75	p19
948	left	529	356	326	1.0	126.0	144.0	131.75	p19
949	left	530	356	326	1.0	126.0	144.0	131.75	p19
950	left	531	356	326	1.0	126.0	144.0	131.75	p19
951	left	532	356	326	1.5	115.0	145.0	125.0	p19
952	left	533	356	326	1.5	115.0	145.0	125.0	p19
953	left	534	356	326	1.5	115.0	145.0	125.0	p19
882	left	535	355	326	4.5	109.0	162.0	125.66666666666666	p19
883	left	536	355	326	4.5	109.0	162.0	125.66666666666666	p19
884	left	537	355	326	4.5	109.0	162.0	125.66666666666666	p19
885	left	538	355	326	4.5	109.0	162.0	125.66666666666666	p19
50	left	693	348	434	1.5	112.0	156.0	125.8	p2
51	left	694	348	434	1.5	112.0	156.0	125.8	p2
52	left	695	348	434	1.5	112.0	156.0	125.8	p2
53	left	696	348	434	1.5	112.0	156.0	125.8	p2
54	left	697	348	434	3.0	114.0	173.0	129.14285714285714	p2
55	left	698	348	434	3.0	114.0	173.0	129.14285714285714	p2
56	left	699	348	434	3.0	114.0	173.0	129.14285714285714	p2
46	left	700	347	434	3.0	109.0	147.0	121.14285714285714	p2
47	left	701	347	434	3.0	109.0	147.0	121.14285714285714	p2
48	left	702	347	434	3.0	109.0	147.0	121.14285714285714	p2
49	left	703	347	434	3.0	109.0	147.0	121.14285714285714	p2
57	left	704	348	435	2.5	115.0	155.0	124.83333333333331	p2
58	left	705	348	435	2.5	115.0	155.0	124.83333333333331	p2
59	left	706	348	435	2.5	115.0	155.0	124.83333333333331	p2
60	left	707	348	435	2.5	115.0	155.0	124.83333333333331	p2
65	left	712	347	435	4.0	110.0	151.0	121.77777777777776	p2
66	left	713	347	435	4.0	110.0	151.0	121.77777777777776	p2
67	left	714	347	435	4.0	110.0	151.0	121.77777777777776	p2
68	left	715	347	435	4.0	110.0	151.0	121.77777777777776	p2
69	left	716	347	435	3.5	108.0	163.0	133.75	p2
70	left	717	347	435	3.5	108.0	163.0	133.75	p2
71	left	718	347	435	3.5	108.0	163.0	133.75	p2
72	left	719	347	435	3.5	108.0	149.0	129.75	p2
73	left	720	347	435	3.5	108.0	149.0	129.75	p2
74	left	721	347	435	3.5	108.0	149.0	129.75	p2
75	left	722	347	435	3.5	108.0	149.0	129.75	p2
88	left	723	347	436	1.5	109.0	163.0	137.8	p2
89	left	724	347	436	1.5	109.0	163.0	137.8	p2
90	left	725	347	436	1.5	109.0	163.0	137.8	p2
91	left	726	347	436	1.5	109.0	163.0	137.8	p2
92	left	727	347	436	1.0	114.0	140.0	121.25	p2
93	left	728	347	436	1.0	114.0	140.0	121.25	p2
94	left	729	347	436	1.0	114.0	140.0	121.25	p2
95	left	730	347	436	4.0	112.0	151.0	122.125	p2
96	left	731	347	436	4.0	112.0	151.0	122.125	p2
97	left	732	347	436	4.0	112.0	151.0	122.125	p2
98	left	733	347	436	4.0	112.0	151.0	122.125	p2
80	left	734	346	436	2.5	108.0	159.0	127.0	p2
81	left	735	346	436	2.5	108.0	159.0	127.0	p2
82	left	736	346	436	2.5	108.0	159.0	127.0	p2
83	left	737	346	436	2.5	108.0	159.0	127.0	p2
84	left	738	346	436	3.5	108.0	157.0	130.375	p2
85	left	739	346	436	3.5	108.0	157.0	130.375	p2
86	left	740	346	436	3.5	108.0	157.0	130.375	p2
87	left	741	346	436	3.5	108.0	157.0	130.375	p2
99	left	742	347	436	5.0	109.0	134.0	116.5	p2
100	left	743	347	436	5.0	109.0	134.0	116.5	p2
101	left	744	347	436	5.0	109.0	134.0	116.5	p2
102	left	745	347	436	0.5	113.0	128.0	115.33333333333331	p2
103	left	746	347	436	0.5	113.0	128.0	115.33333333333331	p2
104	left	747	347	436	0.5	113.0	128.0	115.33333333333331	p2
105	left	748	347	436	0.5	113.0	128.0	115.33333333333331	p2
76	left	749	347	435	3.0	112.0	136.0	116.71428571428572	p2
77	left	750	347	435	3.0	112.0	136.0	116.71428571428572	p2
78	left	751	347	435	3.0	112.0	136.0	116.71428571428572	p2
79	left	752	347	435	3.0	112.0	136.0	116.71428571428572	p2
61	left	753	346	435	4.5	108.0	149.0	126.88888888888889	p2
62	left	754	346	435	4.5	108.0	149.0	126.88888888888889	p2
63	left	755	346	435	4.5	108.0	149.0	126.88888888888889	p2
64	left	756	346	435	4.5	108.0	149.0	126.88888888888889	p2
984	left	577	352	380	0.5	112.0	159.0	132.0	p20
985	left	578	352	380	0.5	112.0	159.0	132.0	p20
986	left	579	352	380	0.5	112.0	159.0	132.0	p20
995	left	580	352	381	1.5	111.0	149.0	123.8	p20
996	left	581	352	381	1.5	111.0	149.0	123.8	p20
997	left	582	352	381	1.5	111.0	149.0	123.8	p20
998	left	583	352	381	1.5	111.0	149.0	123.8	p20
1025	left	584	353	381	4.0	117.0	157.0	133.66666666666666	p20
1026	left	585	353	381	4.0	117.0	157.0	133.66666666666666	p20
1027	left	586	353	381	4.0	117.0	157.0	133.66666666666666	p20
1028	left	587	353	381	4.0	117.0	157.0	133.66666666666666	p20
1029	left	588	353	382	2.5	113.0	154.0	130.28571428571428	p20
1030	left	589	353	382	2.5	113.0	154.0	130.28571428571428	p20
1031	left	590	353	382	2.5	113.0	154.0	130.28571428571428	p20
1032	left	591	353	382	2.5	113.0	154.0	130.28571428571428	p20
1033	left	592	353	382	2.5	108.0	149.0	127.0	p20
1034	left	593	353	382	2.5	108.0	149.0	127.0	p20
1035	left	594	353	382	2.5	108.0	149.0	127.0	p20
1036	left	595	353	382	2.5	108.0	149.0	127.0	p20
1037	left	596	353	382	2.0	109.0	127.0	112.5	p20
1038	left	597	353	382	2.0	109.0	127.0	112.5	p20
1039	left	598	353	382	2.0	109.0	127.0	112.5	p20
1040	left	599	353	382	3.0	120.0	155.0	132.28571428571428	p20
1041	left	600	353	382	3.0	120.0	155.0	132.28571428571428	p20
1042	left	601	353	382	3.0	120.0	155.0	132.28571428571428	p20
1043	left	602	353	382	3.0	120.0	155.0	132.28571428571428	p20
999	left	603	352	381	5.0	108.0	155.0	125.5	p20
1000	left	604	352	381	5.0	108.0	155.0	125.5	p20
1001	left	605	352	381	5.0	108.0	155.0	125.5	p20
1002	left	606	352	381	5.0	108.0	155.0	125.5	p20
1003	left	607	352	381	5.0	113.0	163.0	130.4	p20
1004	left	608	352	381	5.0	113.0	163.0	130.4	p20
1005	left	609	352	381	5.0	113.0	163.0	130.4	p20
1006	left	610	352	381	5.5	110.0	170.0	133.8181818181818	p20
1007	left	611	352	381	5.5	110.0	170.0	133.8181818181818	p20
1008	left	612	352	381	5.5	110.0	170.0	133.8181818181818	p20
1009	left	613	352	381	5.5	110.0	170.0	133.8181818181818	p20
1010	left	614	352	381	3.0	121.0	154.0	132.7142857142857	p20
1011	left	615	352	381	3.0	121.0	154.0	132.7142857142857	p20
1012	left	616	352	381	3.0	121.0	154.0	132.7142857142857	p20
1013	left	617	352	381	3.0	121.0	154.0	132.7142857142857	p20
1014	left	618	352	381	4.0	117.0	157.0	132.11111111111111	p20
1015	left	619	352	381	4.0	117.0	157.0	132.11111111111111	p20
1016	left	620	352	381	4.0	117.0	157.0	132.11111111111111	p20
1017	left	621	352	381	4.0	117.0	157.0	132.11111111111111	p20
1018	left	622	352	381	3.5	117.0	152.0	129.625	p20
1019	left	623	352	381	3.5	117.0	152.0	129.625	p20
1020	left	624	352	381	3.5	117.0	152.0	129.625	p20
991	left	625	351	381	3.5	108.0	155.0	123.875	p20
992	left	626	351	381	3.5	108.0	155.0	123.875	p20
993	left	627	351	381	3.5	108.0	155.0	123.875	p20
994	left	628	351	381	3.5	108.0	155.0	123.875	p20
1021	left	629	352	381	1.0	109.0	158.0	127.5	p20
1022	left	630	352	381	1.0	109.0	158.0	127.5	p20
1023	left	631	352	381	1.0	109.0	158.0	127.5	p20
1024	left	632	352	381	1.0	109.0	158.0	127.5	p20
987	left	633	352	380	1.0	113.0	155.0	131.5	p20
988	left	634	352	380	1.0	113.0	155.0	131.5	p20
989	left	635	352	380	1.0	113.0	155.0	131.5	p20
990	left	636	352	380	1.0	113.0	155.0	131.5	p20
970	left	637	351	380	2.0	116.0	158.0	128.83333333333331	p20
971	left	638	351	380	2.0	116.0	158.0	128.83333333333331	p20
972	left	639	351	380	2.0	116.0	158.0	128.83333333333331	p20
962	left	640	350	379	5.5	114.0	172.0	134.72727272727272	p20
963	left	641	350	379	5.5	114.0	172.0	134.72727272727272	p20
964	left	642	350	379	5.5	114.0	172.0	134.72727272727272	p20
965	left	643	350	379	5.5	114.0	172.0	134.72727272727272	p20
954	left	644	349	379	4.5	109.0	159.0	136.22222222222223	p20
955	left	645	349	379	4.5	109.0	159.0	136.22222222222223	p20
956	left	646	349	379	4.5	109.0	159.0	136.22222222222223	p20
957	left	647	349	379	4.5	109.0	159.0	136.22222222222223	p20
958	left	648	349	379	5.5	109.0	161.0	134.9090909090909	p20
959	left	649	349	379	5.5	109.0	161.0	134.9090909090909	p20
960	left	650	349	379	5.5	109.0	161.0	134.9090909090909	p20
961	left	651	349	379	5.5	109.0	161.0	134.9090909090909	p20
966	left	652	350	379	2.0	108.0	157.0	128.83333333333331	p20
967	left	653	350	379	2.0	108.0	157.0	128.83333333333331	p20
968	left	654	350	379	2.0	108.0	157.0	128.83333333333331	p20
969	left	655	350	379	2.0	108.0	157.0	128.83333333333331	p20
973	left	656	351	380	1.0	110.0	142.0	122.75	p20
974	left	657	351	380	1.0	110.0	142.0	122.75	p20
975	left	658	351	380	1.0	110.0	142.0	122.75	p20
976	left	659	351	380	0.5	126.0	161.0	137.25	p20
977	left	660	351	380	0.5	126.0	161.0	137.25	p20
978	left	661	351	380	0.5	126.0	161.0	137.25	p20
979	left	662	351	380	0.5	126.0	161.0	137.25	p20
980	left	663	351	380	1.0	112.0	140.0	121.5	p20
981	left	664	351	380	1.0	112.0	140.0	121.5	p20
982	left	665	351	380	1.0	112.0	140.0	121.5	p20
983	left	666	351	380	1.0	112.0	140.0	121.5	p20
129	right	1	296	96	2.0	109.0	140.0	121.0	p3
130	right	2	296	96	2.0	109.0	140.0	121.0	p3
106	right	3	295	96	1.5	110.0	138.0	121.4	p3
107	right	4	295	96	1.5	110.0	138.0	121.4	p3
108	right	5	295	96	1.5	110.0	138.0	121.4	p3
109	right	6	295	96	1.5	110.0	138.0	121.4	p3
110	right	7	295	96	1.0	114.0	133.0	121.25	p3
111	right	8	295	96	1.0	114.0	133.0	121.25	p3
112	right	9	295	96	1.0	114.0	133.0	121.25	p3
113	right	10	295	96	1.0	114.0	133.0	121.25	p3
114	right	11	295	96	1.0	126.0	133.0	127.75	p3
115	right	12	295	96	1.0	126.0	133.0	127.75	p3
116	right	13	295	96	1.0	126.0	133.0	127.75	p3
117	right	14	295	96	1.5	119.0	154.0	135.4	p3
118	right	15	295	96	1.5	119.0	154.0	135.4	p3
119	right	16	295	96	1.5	119.0	154.0	135.4	p3
120	right	17	295	96	1.5	119.0	154.0	135.4	p3
121	right	18	295	96	2.0	121.0	143.0	126.5	p3
122	right	19	295	96	2.0	121.0	143.0	126.5	p3
123	right	20	295	96	2.0	121.0	143.0	126.5	p3
124	right	21	295	96	2.0	121.0	143.0	126.5	p3
125	right	22	295	96	1.0	108.0	127.0	115.0	p3
126	right	23	295	96	1.0	108.0	127.0	115.0	p3
127	right	24	295	96	1.0	108.0	127.0	115.0	p3
128	right	25	295	96	1.0	108.0	127.0	115.0	p3
131	right	33	295	96	1.5	112.0	131.0	116.4	p3
132	right	34	295	96	1.5	112.0	131.0	116.4	p3
133	right	35	295	96	1.5	112.0	131.0	116.4	p3
134	right	36	295	96	1.5	112.0	131.0	116.4	p3
135	right	41	295	96	0.5	109.0	126.0	113.66666666666666	p3
136	right	42	295	96	0.5	109.0	126.0	113.66666666666666	p3
137	right	43	295	96	0.5	109.0	126.0	113.66666666666666	p3
166	right	82	295	155	0.5	123.0	134.0	125.66666666666666	p4
167	right	83	295	155	0.5	123.0	134.0	125.66666666666666	p4
168	right	84	295	155	0.5	123.0	134.0	125.66666666666666	p4
169	right	85	295	155	0.5	123.0	134.0	125.66666666666666	p4
170	right	86	295	155	2.5	108.0	144.0	122.0	p4
171	right	87	295	155	2.5	108.0	144.0	122.0	p4
172	right	88	295	155	2.5	108.0	144.0	122.0	p4
173	right	89	295	155	1.5	108.0	135.0	122.2	p4
174	right	90	295	155	1.5	108.0	135.0	122.2	p4
175	right	91	295	155	1.5	108.0	135.0	122.2	p4
176	right	92	295	155	1.5	108.0	135.0	122.2	p4
177	right	93	295	155	2.0	114.0	149.0	124.66666666666666	p4
178	right	94	295	155	2.0	114.0	149.0	124.66666666666666	p4
179	right	95	295	155	2.0	114.0	149.0	124.66666666666666	p4
180	right	96	295	155	2.0	114.0	149.0	124.66666666666666	p4
181	right	97	295	155	0.5	117.0	128.0	122.0	p4
182	right	98	295	155	0.5	117.0	128.0	122.0	p4
183	right	99	295	155	0.5	117.0	128.0	122.0	p4
184	right	100	295	155	0.5	117.0	128.0	122.0	p4
142	right	101	295	154	2.0	109.0	147.0	119.33333333333331	p4
185	right	102	295	155	2.5	108.0	147.0	122.14285714285714	p4
186	right	103	295	155	2.5	108.0	147.0	122.14285714285714	p4
147	right	104	294	155	3.5	112.0	147.0	124.875	p4
148	right	105	294	155	3.5	112.0	147.0	124.875	p4
149	right	106	294	155	3.5	112.0	147.0	124.875	p4
150	right	107	294	155	3.5	112.0	147.0	124.875	p4
187	right	108	295	155	2.0	118.0	143.0	122.0	p4
188	right	109	295	155	2.0	118.0	143.0	122.0	p4
189	right	110	295	155	2.0	118.0	143.0	122.0	p4
190	right	111	295	155	2.0	118.0	143.0	122.0	p4
191	right	112	295	155	3.5	108.0	162.0	123.75	p4
192	right	113	295	155	3.5	108.0	162.0	123.75	p4
193	right	114	295	155	3.5	108.0	162.0	123.75	p4
194	right	115	295	155	3.5	108.0	162.0	123.75	p4
195	right	116	295	155	1.0	116.0	144.0	124.25	p4
196	right	117	295	155	1.0	116.0	144.0	124.25	p4
197	right	118	295	155	1.0	116.0	144.0	124.25	p4
198	right	119	295	155	1.0	115.0	143.0	121.75	p4
199	right	120	295	155	1.0	115.0	143.0	121.75	p4
200	right	121	295	155	1.0	115.0	143.0	121.75	p4
201	right	122	295	155	1.0	115.0	143.0	121.75	p4
143	right	123	295	154	2.0	114.0	143.0	124.5	p4
144	right	124	295	154	2.0	114.0	143.0	124.5	p4
145	right	125	295	154	2.0	114.0	143.0	124.5	p4
146	right	126	295	154	2.0	114.0	143.0	124.5	p4
202	right	127	295	155	3.0	114.0	147.0	127.57142857142856	p4
203	right	128	295	155	3.0	114.0	147.0	127.57142857142856	p4
204	right	129	295	155	3.0	114.0	147.0	127.57142857142856	p4
205	right	130	295	155	3.0	114.0	147.0	127.57142857142856	p4
206	right	131	295	155	4.0	109.0	166.0	124.125	p4
207	right	132	295	155	4.0	109.0	166.0	124.125	p4
208	right	133	295	155	4.0	109.0	166.0	124.125	p4
209	right	134	295	155	4.0	108.0	147.0	119.5	p4
210	right	135	295	155	4.0	108.0	147.0	119.5	p4
211	right	136	295	155	4.0	108.0	147.0	119.5	p4
212	right	137	295	155	4.0	108.0	147.0	119.5	p4
138	right	138	294	154	3.0	108.0	157.0	120.57142857142856	p4
139	right	139	294	154	3.0	108.0	157.0	120.57142857142856	p4
140	right	140	294	154	3.0	108.0	157.0	120.57142857142856	p4
141	right	141	294	154	3.0	108.0	157.0	120.57142857142856	p4
151	right	142	294	155	4.5	111.0	153.0	125.33333333333331	p4
152	right	143	294	155	4.5	111.0	153.0	125.33333333333331	p4
153	right	144	294	155	4.5	111.0	153.0	125.33333333333331	p4
154	right	145	294	155	4.5	111.0	153.0	125.33333333333331	p4
213	right	146	295	155	4.0	110.0	164.0	131.125	p4
214	right	147	295	155	4.0	110.0	164.0	131.125	p4
215	right	148	295	155	4.0	110.0	164.0	131.125	p4
216	right	149	295	155	4.0	110.0	164.0	131.125	p4
217	right	150	295	155	5.0	109.0	159.0	126.8	p4
218	right	151	295	155	5.0	109.0	159.0	126.8	p4
219	right	152	295	155	5.0	109.0	159.0	126.8	p4
155	right	153	294	155	3.5	114.0	158.0	127.625	p4
156	right	154	294	155	3.5	114.0	158.0	127.625	p4
157	right	155	294	155	3.5	114.0	158.0	127.625	p4
158	right	156	294	155	3.5	114.0	158.0	127.625	p4
159	right	157	294	155	4.5	113.0	161.0	132.11111111111111	p4
160	right	158	294	155	4.5	113.0	161.0	132.11111111111111	p4
161	right	159	294	155	4.5	113.0	161.0	132.11111111111111	p4
162	right	160	294	155	4.5	113.0	161.0	132.11111111111111	p4
220	right	161	295	155	4.0	109.0	157.0	128.125	p4
221	right	162	295	155	4.0	109.0	157.0	128.125	p4
222	right	163	295	155	4.0	109.0	157.0	128.125	p4
223	right	164	295	155	4.0	109.0	157.0	128.125	p4
163	right	165	294	155	2.0	109.0	164.0	130.0	p4
164	right	166	294	155	2.0	109.0	164.0	130.0	p4
165	right	167	294	155	2.0	109.0	164.0	130.0	p4
224	right	101	301	329	0.5	113.0	114.0	109.66666666666666	p5
225	right	102	301	329	0.5	113.0	114.0	109.66666666666666	p5
226	right	103	301	329	0.5	113.0	114.0	109.66666666666666	p5
249	right	210	295	213	1.5	113.0	156.0	128.4	p6
250	right	211	295	213	1.5	113.0	156.0	128.4	p6
251	right	212	295	213	1.5	113.0	156.0	128.4	p6
227	right	213	295	212	2.0	120.0	155.0	128.0	p6
228	right	214	295	212	2.0	120.0	155.0	128.0	p6
229	right	215	295	212	2.0	120.0	155.0	128.0	p6
230	right	216	295	212	2.0	120.0	155.0	128.0	p6
252	right	217	295	213	2.5	109.0	165.0	129.42857142857142	p6
253	right	218	295	213	2.5	109.0	165.0	129.42857142857142	p6
254	right	219	295	213	2.5	109.0	165.0	129.42857142857142	p6
255	right	220	295	213	2.5	109.0	165.0	129.42857142857142	p6
256	right	221	295	213	2.0	108.0	155.0	133.83333333333331	p6
257	right	222	295	213	2.0	108.0	155.0	133.83333333333331	p6
258	right	223	295	213	2.0	108.0	155.0	133.83333333333331	p6
259	right	224	295	213	2.0	108.0	155.0	133.83333333333331	p6
231	right	225	295	212	3.0	109.0	152.0	131.14285714285714	p6
232	right	226	295	212	3.0	109.0	152.0	131.14285714285714	p6
233	right	227	295	212	3.0	109.0	152.0	131.14285714285714	p6
234	right	228	295	212	3.0	114.0	175.0	137.57142857142856	p6
235	right	229	295	212	3.0	114.0	175.0	137.57142857142856	p6
236	right	230	295	212	3.0	114.0	175.0	137.57142857142856	p6
237	right	231	295	212	3.0	114.0	175.0	137.57142857142856	p6
260	right	232	295	213	3.0	108.0	157.0	132.0	p6
261	right	233	295	213	3.0	108.0	157.0	132.0	p6
262	right	234	295	213	3.0	108.0	157.0	132.0	p6
263	right	235	295	213	3.0	108.0	157.0	132.0	p6
264	right	236	295	213	5.0	109.0	173.0	129.5	p6
265	right	237	295	213	5.0	109.0	173.0	129.5	p6
266	right	238	295	213	5.0	109.0	173.0	129.5	p6
267	right	239	295	213	5.0	109.0	173.0	129.5	p6
238	right	240	295	212	4.0	112.0	169.0	130.375	p6
239	right	241	295	212	4.0	112.0	169.0	130.375	p6
240	right	242	295	212	4.0	112.0	169.0	130.375	p6
268	right	243	295	213	1.5	123.0	152.0	132.8	p6
269	right	244	295	213	1.5	123.0	152.0	132.8	p6
270	right	245	295	213	1.5	123.0	152.0	132.8	p6
271	right	246	295	213	1.5	123.0	152.0	132.8	p6
241	right	247	295	212	4.0	120.0	178.0	136.0	p6
242	right	248	295	212	4.0	120.0	178.0	136.0	p6
243	right	249	295	212	4.0	120.0	178.0	136.0	p6
244	right	250	295	212	4.0	120.0	178.0	136.0	p6
272	right	251	295	213	4.5	108.0	173.0	132.55555555555554	p6
273	right	252	295	213	4.5	108.0	173.0	132.55555555555554	p6
274	right	253	295	213	4.5	108.0	173.0	132.55555555555554	p6
275	right	254	295	213	4.5	108.0	173.0	132.55555555555554	p6
276	right	255	295	213	2.0	121.0	165.0	135.66666666666666	p6
277	right	256	295	213	2.0	121.0	165.0	135.66666666666666	p6
278	right	257	295	213	2.0	121.0	165.0	135.66666666666666	p6
245	right	258	294	213	3.5	110.0	169.0	131.625	p6
246	right	259	294	213	3.5	110.0	169.0	131.625	p6
247	right	260	294	213	3.5	110.0	169.0	131.625	p6
248	right	261	294	213	3.5	110.0	169.0	131.625	p6
279	right	262	295	213	3.5	108.0	176.0	134.25	p6
280	right	263	295	213	3.5	108.0	176.0	134.25	p6
281	right	264	295	213	3.5	108.0	176.0	134.25	p6
282	right	265	295	213	3.5	108.0	176.0	134.25	p6
283	right	266	295	213	3.5	114.0	168.0	131.375	p6
284	right	267	295	213	3.5	114.0	168.0	131.375	p6
285	right	268	295	213	3.5	114.0	168.0	131.375	p6
286	right	269	295	213	3.5	114.0	168.0	131.375	p6
287	right	270	295	213	2.5	108.0	161.0	129.0	p6
288	right	271	295	213	2.5	108.0	161.0	129.0	p6
289	right	272	295	213	2.5	108.0	161.0	129.0	p6
290	right	273	295	213	2.0	110.0	159.0	133.16666666666666	p6
291	right	274	295	213	2.0	110.0	159.0	133.16666666666666	p6
292	right	275	295	213	2.0	110.0	159.0	133.16666666666666	p6
293	right	276	295	213	2.0	110.0	159.0	133.16666666666666	p6
294	right	277	295	213	3.0	108.0	159.0	128.57142857142856	p6
295	right	278	295	213	3.0	108.0	159.0	128.57142857142856	p6
296	right	279	295	213	3.0	108.0	159.0	128.57142857142856	p6
297	right	280	295	213	3.0	108.0	159.0	128.57142857142856	p6
298	right	281	295	213	3.0	108.0	161.0	128.57142857142856	p6
299	right	282	295	213	3.0	108.0	161.0	128.57142857142856	p6
300	right	283	295	213	3.0	108.0	161.0	128.57142857142856	p6
301	right	284	295	213	3.0	108.0	161.0	128.57142857142856	p6
302	right	285	295	213	3.0	108.0	159.0	134.7142857142857	p6
303	right	286	295	213	3.0	108.0	159.0	134.7142857142857	p6
304	right	287	295	213	3.0	108.0	159.0	134.7142857142857	p6
305	right	288	295	213	3.0	114.0	150.0	126.0	p6
306	right	289	295	213	3.0	114.0	150.0	126.0	p6
307	right	290	295	213	3.0	114.0	150.0	126.0	p6
308	right	291	295	213	3.0	114.0	150.0	126.0	p6
320	right	330	294	269	2.0	116.0	144.0	131.83333333333331	p7
321	right	331	294	269	2.0	116.0	144.0	131.83333333333331	p7
322	right	332	294	269	2.0	116.0	144.0	131.83333333333331	p7
323	right	333	294	269	2.0	109.0	151.0	130.83333333333331	p7
324	right	334	294	269	2.0	109.0	151.0	130.83333333333331	p7
325	right	335	294	269	2.0	109.0	151.0	130.83333333333331	p7
326	right	336	294	269	2.0	109.0	151.0	130.83333333333331	p7
327	right	337	294	269	3.5	110.0	155.0	132.625	p7
328	right	338	294	269	3.5	109.0	152.0	130.75	p7
329	right	339	294	269	3.5	108.0	151.0	129.625	p7
330	right	340	294	269	2.5	112.0	149.0	131.14285714285714	p7
384	right	341	295	269	4.0	108.0	166.0	127.33333333333331	p7
385	right	342	295	269	4.0	108.0	166.0	127.33333333333331	p7
386	right	343	295	269	4.0	108.0	166.0	127.33333333333331	p7
387	right	344	295	269	4.0	108.0	166.0	127.33333333333331	p7
331	right	345	294	269	2.0	126.0	141.0	125.66666666666666	p7
332	right	346	294	269	2.0	126.0	141.0	125.66666666666666	p7
333	right	347	294	269	2.0	126.0	141.0	125.66666666666666	p7
334	right	348	294	269	2.0	126.0	141.0	125.66666666666666	p7
388	right	349	294	270	3.5	115.0	143.0	127.25	p7
389	right	350	294	270	3.5	115.0	143.0	127.25	p7
390	right	351	294	270	3.5	115.0	143.0	127.25	p7
335	right	352	294	269	3.5	113.0	157.0	132.0	p7
336	right	353	294	269	3.5	113.0	157.0	132.0	p7
337	right	354	294	269	3.5	113.0	157.0	132.0	p7
338	right	355	294	269	3.5	113.0	157.0	132.0	p7
339	right	356	294	269	3.5	108.0	156.0	131.875	p7
340	right	357	294	269	3.5	108.0	156.0	131.875	p7
341	right	358	294	269	3.5	108.0	156.0	131.875	p7
342	right	359	294	269	3.5	108.0	156.0	131.875	p7
343	right	360	294	269	2.0	113.0	145.0	124.5	p7
344	right	361	294	269	2.0	113.0	145.0	124.5	p7
345	right	362	294	269	2.0	113.0	145.0	124.5	p7
346	right	363	294	269	2.0	128.0	169.0	135.66666666666666	p7
347	right	364	294	269	2.0	128.0	169.0	135.66666666666666	p7
348	right	365	294	269	2.0	128.0	169.0	135.66666666666666	p7
349	right	366	294	269	2.0	128.0	169.0	135.66666666666666	p7
350	right	367	294	269	2.0	108.0	154.0	129.33333333333331	p7
351	right	368	294	269	2.0	108.0	154.0	129.33333333333331	p7
352	right	369	294	269	2.0	108.0	154.0	129.33333333333331	p7
353	right	370	294	269	2.0	108.0	154.0	129.33333333333331	p7
354	right	371	294	269	3.5	116.0	167.0	138.125	p7
355	right	372	294	269	3.5	116.0	167.0	138.125	p7
356	right	373	294	269	3.5	116.0	167.0	138.125	p7
357	right	374	294	269	3.5	116.0	167.0	138.125	p7
358	right	375	294	269	2.5	113.0	149.0	130.85714285714286	p7
359	right	376	294	269	3.5	110.0	151.0	126.125	p7
360	right	377	294	269	2.5	113.0	149.0	130.85714285714286	p7
361	right	378	294	269	3.5	108.0	151.0	127.25	p7
362	right	379	294	269	3.5	108.0	151.0	127.25	p7
363	right	380	294	269	3.5	108.0	151.0	127.25	p7
364	right	381	294	269	3.5	108.0	151.0	127.25	p7
309	right	382	293	269	2.0	114.0	134.0	120.5	p7
310	right	383	293	269	2.0	114.0	134.0	120.5	p7
311	right	384	293	269	2.0	114.0	134.0	120.5	p7
312	right	385	293	269	2.0	114.0	134.0	120.5	p7
365	right	386	294	269	2.0	113.0	131.0	118.66666666666666	p7
366	right	387	294	269	2.0	113.0	131.0	118.66666666666666	p7
367	right	388	294	269	2.0	113.0	131.0	118.66666666666666	p7
368	right	389	294	269	2.0	113.0	131.0	118.66666666666666	p7
369	right	390	294	269	4.0	116.0	141.0	126.44444444444444	p7
370	right	391	294	269	4.0	116.0	141.0	126.44444444444444	p7
371	right	392	294	269	4.0	116.0	141.0	126.44444444444444	p7
372	right	393	294	269	4.0	116.0	141.0	126.44444444444444	p7
373	right	394	294	269	3.0	113.0	154.0	129.5	p7
374	right	395	294	269	3.0	113.0	154.0	129.5	p7
375	right	396	294	269	3.0	113.0	154.0	129.5	p7
376	right	397	294	269	4.0	109.0	142.0	119.44444444444444	p7
377	right	398	294	269	4.0	109.0	142.0	119.44444444444444	p7
378	right	399	294	269	4.0	109.0	142.0	119.44444444444444	p7
379	right	400	294	269	4.0	109.0	142.0	119.44444444444444	p7
380	right	401	294	269	2.5	109.0	143.0	122.0	p7
381	right	402	294	269	2.5	109.0	143.0	122.0	p7
382	right	403	294	269	2.5	109.0	143.0	122.0	p7
383	right	404	294	269	2.5	109.0	143.0	122.0	p7
313	right	405	293	269	1.0	112.0	142.0	125.25	p7
314	right	406	293	269	1.0	112.0	142.0	125.25	p7
315	right	407	293	269	1.0	112.0	142.0	125.25	p7
316	right	408	293	269	1.0	112.0	142.0	125.25	p7
317	right	409	293	269	1.5	109.0	133.0	116.2	p7
318	right	410	293	269	1.5	109.0	133.0	116.2	p7
319	right	411	293	269	1.5	109.0	133.0	116.2	p7
391	right	367	294	325	0.5	114.0	128.0	117.0	p8
392	right	368	294	325	0.5	114.0	128.0	117.0	p8
393	right	369	294	325	0.5	114.0	128.0	117.0	p8
394	right	370	294	325	0.5	114.0	128.0	117.0	p8
395	right	454	292	325	1.5	112.0	148.0	121.4	p8
396	right	455	292	325	1.5	112.0	148.0	121.4	p8
397	right	456	292	325	1.5	112.0	148.0	121.4	p8
455	right	461	293	325	2.0	113.0	151.0	125.83333333333331	p8
456	right	462	293	325	2.0	113.0	151.0	125.83333333333331	p8
457	right	463	293	325	2.0	113.0	151.0	125.83333333333331	p8
458	right	464	293	325	2.0	113.0	151.0	125.83333333333331	p8
398	right	465	292	325	1.0	113.0	153.0	127.5	p8
399	right	466	292	325	1.0	113.0	153.0	127.5	p8
400	right	467	292	325	1.0	113.0	153.0	127.5	p8
401	right	468	292	325	1.0	113.0	153.0	127.5	p8
459	right	469	293	325	2.0	127.0	157.0	134.16666666666666	p8
460	right	470	293	325	2.0	127.0	157.0	134.16666666666666	p8
461	right	471	293	325	2.0	127.0	157.0	134.16666666666666	p8
462	right	472	293	325	1.5	123.0	159.0	132.8	p8
463	right	473	293	325	1.5	123.0	159.0	132.8	p8
464	right	474	293	325	1.5	123.0	159.0	132.8	p8
465	right	475	293	325	1.5	123.0	159.0	132.8	p8
466	right	476	293	325	2.0	117.0	163.0	133.0	p8
467	right	477	293	325	2.0	117.0	163.0	133.0	p8
468	right	478	293	325	2.0	117.0	163.0	133.0	p8
469	right	479	293	325	2.0	117.0	163.0	133.0	p8
402	right	480	292	325	2.5	108.0	170.0	133.28571428571428	p8
403	right	481	292	325	2.5	108.0	170.0	133.28571428571428	p8
404	right	482	292	325	2.5	108.0	170.0	133.28571428571428	p8
405	right	483	292	325	2.5	108.0	170.0	133.28571428571428	p8
470	right	484	293	325	2.0	114.0	159.0	130.83333333333331	p8
471	right	485	293	325	2.0	114.0	159.0	130.83333333333331	p8
472	right	486	293	325	2.0	114.0	159.0	130.83333333333331	p8
473	right	487	293	325	3.0	110.0	140.0	118.71428571428572	p8
474	right	488	293	325	3.0	110.0	140.0	118.71428571428572	p8
475	right	489	293	325	3.0	110.0	140.0	118.71428571428572	p8
476	right	490	293	325	3.0	110.0	140.0	118.71428571428572	p8
406	right	491	292	325	3.0	108.0	164.0	129.7142857142857	p8
407	right	492	292	325	3.0	108.0	164.0	129.7142857142857	p8
408	right	493	292	325	3.0	108.0	164.0	129.7142857142857	p8
409	right	494	292	325	3.0	108.0	164.0	129.7142857142857	p8
410	right	495	292	325	1.0	114.0	143.0	125.5	p8
411	right	496	292	325	1.0	114.0	143.0	125.5	p8
412	right	497	292	325	1.0	114.0	143.0	125.5	p8
413	right	498	292	325	1.0	114.0	143.0	125.5	p8
414	right	499	292	325	2.0	108.0	145.0	127.16666666666666	p8
415	right	500	292	325	2.0	108.0	145.0	127.16666666666666	p8
416	right	501	292	325	2.0	108.0	145.0	127.16666666666666	p8
417	right	502	292	325	2.0	114.0	149.0	132.0	p8
418	right	503	292	325	2.0	114.0	149.0	132.0	p8
419	right	504	292	325	2.0	114.0	149.0	132.0	p8
420	right	505	292	325	2.0	114.0	149.0	132.0	p8
421	right	506	292	325	2.0	110.0	144.0	126.0	p8
422	right	507	292	325	2.0	110.0	144.0	126.0	p8
423	right	508	292	325	2.0	110.0	144.0	126.0	p8
424	right	509	292	325	2.0	110.0	144.0	126.0	p8
425	right	510	292	325	3.0	108.0	147.0	124.57142857142856	p8
426	right	511	292	325	3.0	108.0	147.0	124.57142857142856	p8
427	right	512	292	325	3.0	108.0	147.0	124.57142857142856	p8
428	right	513	292	325	3.0	108.0	147.0	124.57142857142856	p8
429	right	514	292	325	2.0	109.0	147.0	127.33333333333331	p8
430	right	515	292	325	2.0	109.0	147.0	127.33333333333331	p8
431	right	516	292	325	2.0	109.0	147.0	127.33333333333331	p8
432	right	517	292	325	1.5	120.0	142.0	130.20000000000002	p8
433	right	518	292	325	1.5	120.0	142.0	130.20000000000002	p8
434	right	519	292	325	1.5	120.0	142.0	130.20000000000002	p8
435	right	520	292	325	1.5	120.0	142.0	130.20000000000002	p8
436	right	521	292	325	1.5	112.0	147.0	122.2	p8
437	right	522	292	325	1.5	112.0	147.0	122.2	p8
438	right	523	292	325	1.5	112.0	147.0	122.2	p8
439	right	524	292	325	1.5	112.0	147.0	122.2	p8
440	right	525	292	325	1.0	110.0	133.0	122.75	p8
441	right	526	292	325	1.0	110.0	133.0	122.75	p8
442	right	527	292	325	1.0	110.0	133.0	122.75	p8
443	right	528	292	325	1.0	110.0	133.0	122.75	p8
444	right	529	292	325	1.5	108.0	149.0	124.4	p8
445	right	530	292	325	1.5	108.0	149.0	124.4	p8
446	right	531	292	325	1.5	108.0	149.0	124.4	p8
447	right	532	292	325	1.0	113.0	134.0	123.25	p8
448	right	533	292	325	1.0	113.0	134.0	123.25	p8
449	right	534	292	325	1.0	113.0	134.0	123.25	p8
450	right	535	292	325	1.0	113.0	134.0	123.25	p8
451	right	536	292	325	1.5	115.0	161.0	135.6	p8
452	right	537	292	325	1.5	115.0	161.0	135.6	p8
453	right	538	292	325	1.5	115.0	161.0	135.6	p8
454	right	539	292	325	1.5	115.0	161.0	135.6	p8
488	left	81	360	153	2.5	108.0	138.0	121.71428571428572	p9
489	left	82	360	153	2.5	108.0	138.0	121.71428571428572	p9
490	left	83	360	153	2.5	108.0	138.0	121.71428571428572	p9
491	left	84	360	153	2.5	108.0	138.0	121.71428571428572	p9
492	left	85	360	153	4.5	114.0	166.0	135.55555555555554	p9
493	left	86	360	153	4.5	114.0	166.0	135.55555555555554	p9
494	left	87	360	153	4.5	114.0	166.0	135.55555555555554	p9
495	left	88	360	153	4.5	114.0	166.0	135.55555555555554	p9
496	left	89	360	153	4.5	108.0	175.0	139.22222222222223	p9
497	left	90	360	153	4.5	108.0	175.0	139.22222222222223	p9
498	left	91	360	153	4.5	108.0	175.0	139.22222222222223	p9
499	left	92	360	153	3.5	115.0	152.0	130.75	p9
500	left	93	360	153	3.5	115.0	152.0	130.75	p9
501	left	94	360	153	3.5	115.0	152.0	130.75	p9
502	left	95	360	153	3.5	115.0	152.0	130.75	p9
503	left	96	360	153	3.0	113.0	172.0	135.85714285714286	p9
504	left	97	360	153	3.0	113.0	172.0	135.85714285714286	p9
505	left	98	360	153	3.0	113.0	172.0	135.85714285714286	p9
506	left	99	360	153	3.0	113.0	172.0	135.85714285714286	p9
507	left	100	360	153	5.0	112.0	157.0	126.4	p9
508	left	101	360	153	5.0	112.0	157.0	126.4	p9
509	left	102	360	153	5.0	112.0	157.0	126.4	p9
510	left	103	360	153	5.0	112.0	157.0	126.4	p9
511	left	104	360	153	5.0	108.0	159.0	129.8	p9
512	left	105	360	153	5.0	108.0	159.0	129.8	p9
513	left	106	360	153	5.0	108.0	159.0	129.8	p9
514	left	107	360	153	5.0	108.0	159.0	129.8	p9
515	left	108	360	153	2.5	112.0	159.0	133.85714285714286	p9
516	left	109	360	153	2.5	112.0	159.0	133.85714285714286	p9
517	left	110	360	153	2.5	112.0	159.0	133.85714285714286	p9
518	left	111	360	153	3.5	117.0	164.0	135.75	p9
519	left	112	360	153	3.5	117.0	164.0	135.75	p9
520	left	113	360	153	3.5	117.0	164.0	135.75	p9
521	left	114	360	153	3.5	117.0	164.0	135.75	p9
522	left	115	360	153	3.5	109.0	158.0	136.5	p9
523	left	116	360	153	3.5	109.0	158.0	136.5	p9
524	left	117	360	153	3.5	109.0	158.0	136.5	p9
525	left	118	360	153	3.5	109.0	158.0	136.5	p9
560	left	119	360	154	4.5	110.0	149.0	124.88888888888889	p9
561	left	120	360	154	4.5	110.0	149.0	124.88888888888889	p9
562	left	121	360	154	4.5	110.0	149.0	124.88888888888889	p9
563	left	122	360	154	4.5	110.0	149.0	124.88888888888889	p9
526	left	123	360	153	3.5	113.0	168.0	137.25	p9
527	left	124	360	153	3.5	113.0	168.0	137.25	p9
528	left	125	360	153	3.5	113.0	168.0	137.25	p9
529	left	126	360	153	4.0	116.0	166.0	135.44444444444443	p9
530	left	127	360	153	4.0	116.0	166.0	135.44444444444443	p9
531	left	128	360	153	4.0	116.0	166.0	135.44444444444443	p9
532	left	129	360	153	4.0	116.0	166.0	135.44444444444443	p9
533	left	130	360	153	3.5	129.0	159.0	140.625	p9
534	left	131	360	153	3.5	129.0	159.0	140.625	p9
535	left	132	360	153	3.5	129.0	159.0	140.625	p9
536	left	133	360	153	3.5	129.0	159.0	140.625	p9
537	left	134	360	153	4.0	109.0	159.0	132.55555555555554	p9
538	left	135	360	153	4.0	109.0	159.0	132.55555555555554	p9
539	left	136	360	153	4.0	109.0	159.0	132.55555555555554	p9
540	left	137	360	153	4.0	109.0	159.0	132.55555555555554	p9
541	left	138	360	153	4.0	114.0	164.0	136.22222222222223	p9
542	left	139	360	153	4.0	114.0	164.0	136.22222222222223	p9
543	left	140	360	153	4.0	114.0	164.0	136.22222222222223	p9
477	left	141	359	153	3.5	108.0	158.0	129.625	p9
478	left	142	359	153	3.5	108.0	158.0	129.625	p9
479	left	143	359	153	3.5	108.0	158.0	129.625	p9
480	left	144	359	153	3.5	108.0	158.0	129.625	p9
544	left	145	360	153	3.0	113.0	159.0	131.7142857142857	p9
545	left	146	360	153	3.0	113.0	159.0	131.7142857142857	p9
546	left	147	360	153	3.0	113.0	159.0	131.7142857142857	p9
547	left	148	360	153	3.0	113.0	159.0	131.7142857142857	p9
548	left	149	360	153	4.5	109.0	166.0	130.11111111111111	p9
549	left	150	360	153	4.5	109.0	166.0	130.11111111111111	p9
550	left	151	360	153	4.5	109.0	166.0	130.11111111111111	p9
551	left	152	360	153	4.5	109.0	166.0	130.11111111111111	p9
481	left	153	359	153	3.5	109.0	157.0	129.625	p9
482	left	154	359	153	3.5	109.0	157.0	129.625	p9
483	left	155	359	153	3.5	109.0	157.0	129.625	p9
552	left	156	360	153	3.0	119.0	157.0	128.42857142857142	p9
553	left	157	360	153	3.0	119.0	157.0	128.42857142857142	p9
554	left	158	360	153	3.0	119.0	157.0	128.42857142857142	p9
555	left	159	360	153	3.0	119.0	157.0	128.42857142857142	p9
484	left	160	359	153	3.5	110.0	155.0	130.375	p9
485	left	161	359	153	3.5	110.0	155.0	130.375	p9
486	left	162	359	153	3.5	110.0	155.0	130.375	p9
487	left	163	359	153	3.5	110.0	155.0	130.375	p9
556	left	164	360	153	4.0	109.0	158.0	127.88888888888889	p9
557	left	165	360	153	4.0	109.0	158.0	127.88888888888889	p9
558	left	166	360	153	4.0	109.0	158.0	127.88888888888889	p9
559	left	167	360	153	4.0	109.0	158.0	127.88888888888889	p9
