	camera	frame	cX	cY	area	minI	maxI	meanI	pulse
0	left	2	201	248	12.0	133.0	162.0	143.8	p1
1	left	3	201	248	12.0	133.0	162.0	143.8	p1
2	left	4	201	248	12.5	131.0	164.0	144.85	p1
3	left	5	201	248	14.0	133.0	166.0	145.42857142857142	p1
48	right	53	353	70	4.5	131.0	152.0	136.9	p10
49	right	54	353	70	4.5	131.0	152.0	136.9	p10
50	right	55	353	70	4.5	131.0	152.0	136.9	p10
40	right	56	353	69	37.5	131.0	180.0	152.6938775510204	p10
41	right	57	353	69	37.5	131.0	180.0	152.6938775510204	p10
42	right	58	353	69	37.5	131.0	180.0	152.6938775510204	p10
43	right	59	353	69	37.5	131.0	180.0	152.6938775510204	p10
44	right	60	350	70	18.5	131.0	182.0	150.8148148148148	p10
45	right	61	350	70	18.5	131.0	182.0	150.8148148148148	p10
46	right	62	350	70	18.5	131.0	182.0	150.8148148148148	p10
47	right	63	350	70	18.5	131.0	182.0	150.8148148148148	p10
54	right	79	320	86	26.0	131.0	177.0	150.45714285714286	p11
55	right	80	320	86	26.0	131.0	177.0	150.45714285714286	p11
56	right	81	320	86	26.0	131.0	177.0	150.45714285714286	p11
57	right	82	320	86	26.0	131.0	177.0	150.45714285714286	p11
51	right	83	318	85	19.0	131.0	182.0	154.88888888888889	p11
52	right	84	318	85	19.0	131.0	182.0	154.88888888888889	p11
53	right	85	318	85	19.0	131.0	182.0	154.88888888888889	p11
58	left	13	139	310	60.5	131.0	180.0	160.16	p12
59	left	14	139	310	60.5	131.0	180.0	160.16	p12
60	left	15	139	310	60.5	131.0	180.0	160.16	p12
61	left	16	139	310	60.5	131.0	180.0	160.16	p12
62	left	17	133	313	57.5	133.0	184.0	158.18055555555554	p12
63	left	18	133	313	57.5	133.0	184.0	158.18055555555554	p12
64	left	19	133	313	57.5	133.0	184.0	158.18055555555554	p12
65	left	20	133	313	57.5	133.0	184.0	158.18055555555554	p12
69	right	98	302	107	7.5	135.0	182.0	154.0	p13
70	right	99	302	107	7.5	135.0	182.0	154.0	p13
71	right	100	302	107	7.5	135.0	182.0	154.0	p13
72	right	101	302	107	7.5	135.0	182.0	154.0	p13
66	right	102	302	106	17.0	131.0	186.0	157.32	p13
67	right	103	302	106	17.0	131.0	186.0	157.32	p13
68	right	104	302	106	17.0	131.0	186.0	157.32	p13
73	right	105	38	55	11.0	131.0	175.0	150.05555555555554	p14
74	right	106	38	55	11.0	131.0	175.0	150.05555555555554	p14
75	right	107	38	55	11.0	131.0	175.0	150.05555555555554	p14
76	right	108	38	55	11.0	131.0	175.0	150.05555555555554	p14
77	right	120	289	131	15.5	131.0	189.0	154.34782608695653	p15
78	right	121	289	131	15.5	131.0	189.0	154.34782608695653	p15
79	right	122	289	131	15.5	131.0	189.0	154.34782608695653	p15
80	right	123	289	131	15.5	131.0	189.0	154.34782608695653	p15
81	right	135	279	161	4.0	132.0	156.0	141.77777777777777	p16
82	right	136	279	161	4.0	132.0	156.0	141.77777777777777	p16
83	right	137	279	161	4.0	132.0	156.0	141.77777777777777	p16
84	right	138	279	161	4.0	132.0	156.0	141.77777777777777	p16
85	right	139	276	162	11.0	135.0	184.0	151.2222222222222	p16
86	right	140	276	162	11.0	135.0	184.0	151.2222222222222	p16
87	right	141	276	162	11.0	135.0	184.0	151.2222222222222	p16
88	right	142	276	162	11.0	131.0	182.0	151.94444444444443	p16
89	right	158	248	191	10.5	134.0	180.0	149.21052631578945	p17
90	right	159	248	191	10.5	134.0	180.0	149.21052631578945	p17
91	right	160	248	191	10.5	134.0	180.0	149.21052631578945	p17
92	right	161	248	191	10.5	134.0	180.0	149.21052631578945	p17
93	right	192	3	86	6.0	131.0	150.0	135.75	p18
94	right	193	3	86	6.0	131.0	150.0	135.75	p18
95	right	194	3	86	6.0	131.0	150.0	135.75	p18
108	left	21	399	67	5.0	131.0	147.0	139.6	p19
109	left	22	399	67	5.0	131.0	147.0	139.6	p19
110	left	23	399	67	5.0	131.0	147.0	139.6	p19
104	left	24	400	65	39.5	131.0	184.0	154.80392156862746	p19
105	left	25	400	65	39.5	131.0	184.0	154.80392156862746	p19
106	left	26	400	65	39.5	131.0	184.0	154.80392156862746	p19
107	left	27	400	65	39.5	131.0	184.0	154.80392156862746	p19
96	left	28	400	63	45.5	133.0	187.0	154.86206896551724	p19
97	left	29	400	63	45.5	133.0	187.0	154.86206896551724	p19
98	left	30	400	63	45.5	133.0	187.0	154.86206896551724	p19
99	left	31	400	63	45.5	133.0	187.0	154.86206896551724	p19
100	left	32	401	63	0.5	131.0	137.0	132.0	p19
101	left	33	401	63	0.5	131.0	137.0	132.0	p19
102	left	34	401	63	0.5	131.0	137.0	132.0	p19
103	left	35	401	63	0.5	131.0	137.0	132.0	p19
4	left	145	155	246	21.0	131.0	179.0	153.26666666666665	p2
5	left	146	155	246	21.0	131.0	179.0	153.26666666666665	p2
6	left	147	155	246	21.0	131.0	179.0	153.26666666666665	p2
111	left	58	388	65	32.0	131.0	193.0	157.1860465116279	p20
112	left	59	388	65	32.0	131.0	193.0	157.1860465116279	p20
113	left	60	388	65	32.0	131.0	193.0	157.1860465116279	p20
114	left	61	388	65	32.0	131.0	193.0	157.1860465116279	p20
115	left	62	386	66	9.5	133.0	171.0	148.58823529411765	p20
116	left	63	386	66	9.5	133.0	171.0	148.58823529411765	p20
117	left	64	386	66	8.5	136.0	170.0	151.6	p20
118	left	65	386	66	9.5	131.0	170.0	150.125	p20
123	left	81	356	81	26.0	131.0	194.0	156.7222222222222	p21
124	left	82	356	81	26.0	131.0	194.0	156.7222222222222	p21
125	left	83	356	81	26.0	131.0	194.0	156.7222222222222	p21
119	left	84	354	81	20.5	135.0	178.0	156.0	p21
120	left	85	354	81	20.5	135.0	178.0	156.0	p21
121	left	86	354	81	20.5	135.0	178.0	156.0	p21
122	left	87	354	81	20.5	135.0	178.0	156.0	p21
126	left	100	338	101	6.0	131.0	175.0	149.0	p22
127	left	101	338	101	6.0	131.0	175.0	149.0	p22
128	left	102	338	101	6.0	131.0	175.0	149.0	p22
129	left	103	81	55	3.5	135.0	172.0	145.875	p23
130	left	104	81	55	3.5	135.0	172.0	145.875	p23
131	left	105	81	55	3.5	135.0	172.0	145.875	p23
132	left	106	81	55	3.5	135.0	172.0	145.875	p23
133	left	107	81	55	7.0	133.0	179.0	151.0769230769231	p23
134	left	108	81	55	7.0	133.0	179.0	151.0769230769231	p23
135	left	109	81	55	7.0	133.0	179.0	151.0769230769231	p23
136	left	110	81	55	7.0	133.0	179.0	151.0769230769231	p23
137	left	103	338	101	16.5	133.0	177.0	153.83333333333331	p24
138	left	104	338	101	16.5	133.0	177.0	153.83333333333331	p24
139	left	105	338	101	16.5	133.0	177.0	153.83333333333331	p24
140	left	106	338	101	16.5	133.0	177.0	153.83333333333331	p24
141	left	122	327	126	10.0	133.0	187.0	151.0	p25
142	left	123	327	126	10.0	133.0	187.0	151.0	p25
143	left	124	327	126	10.0	133.0	187.0	151.0	p25
144	left	125	327	126	10.0	133.0	187.0	151.0	p25
149	left	137	317	156	0.5	137.0	148.0	140.0	p26
150	left	138	317	156	0.5	137.0	148.0	140.0	p26
151	left	139	317	156	0.5	137.0	148.0	140.0	p26
152	left	140	317	156	0.5	137.0	148.0	140.0	p26
145	left	141	315	156	9.5	131.0	177.0	150.0625	p26
146	left	142	315	156	9.5	131.0	177.0	150.0625	p26
147	left	143	315	156	9.5	131.0	177.0	150.0625	p26
148	left	144	315	156	9.5	131.0	177.0	150.0625	p26
7	left	148	71	58	1.5	140.0	165.0	142.6	p3
8	left	149	71	58	1.5	140.0	165.0	142.6	p3
9	left	150	71	58	1.5	140.0	165.0	142.6	p3
10	left	151	71	58	1.5	140.0	165.0	142.6	p3
11	left	160	287	185	15.5	131.0	183.0	152.04166666666666	p4
12	left	161	287	185	15.5	131.0	183.0	152.04166666666666	p4
13	left	162	287	185	15.5	131.0	183.0	152.04166666666666	p4
14	left	167	187	260	2.0	134.0	150.0	138.66666666666666	p5
15	left	168	187	260	2.0	134.0	150.0	138.66666666666666	p5
16	left	169	187	260	2.0	134.0	150.0	138.66666666666666	p5
17	left	170	187	260	2.0	134.0	150.0	138.66666666666666	p5
18	left	171	63	73	4.0	131.0	178.0	154.11111111111111	p6
19	left	172	63	73	4.0	131.0	178.0	154.11111111111111	p6
20	left	173	63	73	4.0	131.0	178.0	154.11111111111111	p6
21	left	174	63	73	4.0	131.0	178.0	154.11111111111111	p6
22	left	193	50	83	4.0	133.0	165.0	146.11111111111111	p7
23	left	194	50	83	4.0	133.0	165.0	146.11111111111111	p7
24	left	195	50	83	4.0	133.0	165.0	146.11111111111111	p7
25	left	196	50	83	4.0	133.0	165.0	146.11111111111111	p7
26	right	1	0	237	9.5	141.0	175.0	155.1764705882353	p8
27	right	2	0	237	9.5	141.0	175.0	155.1764705882353	p8
28	right	3	0	237	9.5	141.0	175.0	155.1764705882353	p8
37	right	23	366	69	42.0	131.0	183.0	154.5	p9
38	right	24	366	69	42.0	131.0	183.0	154.5	p9
39	right	25	366	69	42.0	131.0	183.0	154.5	p9
29	right	26	366	68	54.5	133.0	180.0	153.33823529411765	p9
30	right	27	366	68	54.5	133.0	180.0	153.33823529411765	p9
31	right	28	366	68	54.5	133.0	180.0	153.33823529411765	p9
32	right	29	366	68	54.5	133.0	180.0	153.33823529411765	p9
33	right	30	366	68	8.0	131.0	162.0	142.64285714285714	p9
34	right	31	366	68	8.0	131.0	162.0	142.64285714285714	p9
35	right	32	366	68	8.0	131.0	162.0	142.64285714285714	p9
36	right	33	366	68	8.0	131.0	162.0	142.64285714285714	p9
